233Cm  233   96    1    0    1    1    7.000000    3.390000
  1   0.000000  -1.0  0             0                            2 ?      0.0000 %EC+%B+ ?      0.0000 %A     
234Cm  234   96    1    0    1    1    8.640000    3.740000
  1   0.000000   0.0  1   5.10E+01  0                        0+  3 AP    20.0000 %EC+%B+ AP    40.0000 %A      AP    40.0000 %SF    
235Cm  235   96    2    0    1    1    6.800000    3.800000
  1   0.000000  -1.0  0             0                            0
  2   0.050000  -1.0  0             0                            0
236Cm  236   96    2    0    1    2    8.090000    4.060000
  1   0.000000   0.0  1             0                        0+  2 ?      0.0000 %EC     ?      0.0000 %A     
  2   0.045000   2.0  1             0                        2+  0
237Cm  237   96    2    0    1    1    6.700000    4.200000
  1   0.000000  -1.0  0             0                            0
  2   0.194000  -1.0  0             0                            0
238Cm  238   96    2    0    1    2    7.960001    4.452000
  1   0.000000   0.0  1   8.64E+03  0                        0+  2 GE    90.0000 %EC     LE    10.0000 %A     
  2   0.035000   2.0  1             0                        2+  0
239Cm  239   96    2    0    1    1    6.270000    4.520000
  1   0.000000   3.5 -1   1.04E+04  0                    (7/2-)  2 =    100.0000 %EC     LT     0.1000 %A     
  2   0.152000   0.5  1             0                    (1/2+)  0
240Cm  240   96    4    1    1    1    7.540000    4.955500
  1   0.000000   0.0  1   2.33E+06  0                        0+  3 LT     0.5000 %EC     LT    99.5000 %A      =      0.0000 %SF    
  2   0.038000   2.0  1   1.32E-10  1                      (2+)  0
                                          1      0.038  0.000E+00  0.000E+00  2.400E+03
  3   2.000000  -1.0  0   1.00E-11  0                            1 LE   100.0000 %SF    
  4   3.000000  -1.0  0   5.50E-08  0                            1 AP   100.0000 %SF    
241Cm  241   96    8    2    1    1    6.093300    5.097000
  1   0.000000   0.5  1   2.83E+06  0                      1/2+  2 =     99.0000 %EC     =      1.0000 %A     
  2   0.005500   1.5  1             0                    (3/2+)  0
  3   0.057100   2.5  1             2                    (5/2+)  0
                                          2      0.052  0.000E+00  0.000E+00  5.173E+01
                                          1      0.057  0.000E+00  0.000E+00  2.725E+02
  4   0.081000   3.5  1             0                    (7/2+)  0
  5   0.163000   4.5  1             0                    (9/2+)  0
  6   0.267800   2.5  1             0                    (5/2+)  0
  7   0.420200   3.5  1             0                    (7/2+)  0
  8   2.300000  -1.0  0   1.53E-08  0                            1 =    100.0000 %SF    
242Cm  242   96    6    3    1    4    6.969700    5.420000
  1   0.000000   0.0  1   1.41E+07  0                        0+  2 =    100.0000 %A      =      0.0000 %SF    
  2   0.042130   2.0  1             1                        2+  0
                                          1      0.042  0.000E+00  0.000E+00  1.170E+03
  3   0.137000   4.0  1             1                        4+  0
                                          2      0.096  0.000E+00  0.000E+00  2.318E+01
  4   0.288000   6.0  1             1                        6+  0
                                          3      0.147  0.000E+00  0.000E+00  3.481E+00
  5   0.000000  -1.0  0   4.00E-11  0   +X                       1 LE   100.0000 %SF    
  6   2.800000  -1.0  0   1.80E-07  0                            2 ?      0.0000 %IT     ?      0.0000 %SF    
243Cm  243   96   31    1   29    4    5.692900    5.575100
  1   0.000000   2.5  1   9.18E+08  0                      5/2+  3 =      0.2900 %EC     =     99.7000 %A      =      0.0000 %SF    
  2   0.042000   3.5  1             0                      7/2+  0
  3   0.087400   0.5  1   1.08E-06  1                      1/2+  0
                                          1      0.087  2.703E-02  1.000E+00  3.600E+01
  4   0.094000   4.5  1             0                      9/2+  0
  5   0.094000   1.5  1             0                    (3/2+)  0
  6   0.130000   3.5  1             0                    (7/2+)  0
  7   0.153000  -1.0  0             0                            0
  8   0.164000  -1.0  0             0                            0
  9   0.187000   4.5  1             0                    (9/2+)  0
 10   0.219000  -1.0  0             0                            0
 11   0.228000  -1.0  0             0                            0
 12   0.260000   4.5  1             0                    (9/2+)  0
 13   0.530000  -1.0  0             0                            0
 14   0.729000   0.5 -1             0                    (1/2-)  0
 15   0.769000  -1.0  0             0                            0
 16   0.798000  -1.0  0             0                            0
 17   0.842000  -1.0  0             0                            0
 18   0.860000  -1.0  0             0                            0
 19   0.892000  -1.0  0             0                            0
 20   0.904000  -1.0  0             0                            0
 21   0.930000  -1.0  0             0                            0
 22   0.973000  -1.0  0             0                            0
 23   1.015000  -1.0  0             0                            0
 24   1.023000  -1.0  0             0                            0
 25   1.046000  -1.0  0             0                            0
 26   1.136000  -1.0  0             0                            0
 27   1.217000  -1.0  0             0                            0
 28   1.222000  -1.0  0             0                            0
 29   1.359000  -1.0  0             0                            0
 30   1.367000  -1.0  0             0                            0
 31   1.900000  -1.0  0   4.20E-08  0                            1 LE   100.0000 %SF    
244Cm  244   96   15   14    1    5    6.800701    6.009400
  1   0.000000   0.0  1   5.71E+08  0                        0+  2 =    100.0000 %A      =      0.0001 %SF    
  2   0.042965   2.0  1   9.70E-11  1                        2+  0
                                          1      0.043  0.000E+00  0.000E+00  1.070E+03
  3   0.142348   4.0  1             1                        4+  0
                                          2      0.099  0.000E+00  0.000E+00  1.970E+01
  4   0.296211   6.0  1             1                        6+  0
                                          3      0.154  0.000E+00  0.000E+00  2.880E+00
  5   0.501786   8.0  1             1                        8+  0
                                          4      0.206  0.000E+00  0.000E+00  9.100E-01
  6   0.970000  -1.0  0             0                   (2+,3-)  0
  7   0.984914   0.0  1             2                        0+  0
                                          2      0.942  0.000E+00  0.000E+00  1.464E-02
                                          1      0.985  0.000E+00  0.000E+00  0.000E+00
  8   1.020760   2.0  1             1                      (2+)  0
                                          2      0.978  0.000E+00  0.000E+00  1.365E-02
  9   1.038000  -1.0  0             0                   (2+,3-)  0
 10   1.040190   6.0  1   3.40E-02  3                        6+  1 =    100.0000 %IT    
                                          5      0.538  6.580E-03  6.909E-03  5.000E-02
                                          4      0.744  6.580E-01  7.120E-01  8.200E-02
                                          3      0.898  2.764E-01  2.811E-01  1.720E-02
 11   1.084180  -1.0  0             2                      1,2+  0
                                          2      1.041  3.464E-01  3.464E-01  0.000E+00
                                          1      1.084  6.536E-01  6.536E-01  0.000E+00
 12   1.105910  -1.0  0             2                    (1,2-)  0
                                          2      1.063  8.696E-01  8.696E-01  0.000E+00
                                          1      1.105  1.304E-01  1.304E-01  0.000E+00
 13   1.187000  -1.0  0             0                   (2+,3-)  0
 14   0.000000  -1.0  0   5.00E-07  0   +X                       1 LE   100.0000 %SF    
 15   0.000000  -1.0  0   5.00E-12  0   +Y                       0
245Cm  245   96   62   63   47    8    5.520300    6.165201
  1   0.000000   3.5  1   2.66E+11  0 u                    7/2+  0
  2   0.054789   4.5  1   1.00E-10  1 u                    9/2+  0
                                          1      0.055  4.525E-03  1.000E+00  2.200E+02
  3   0.121584   5.5  1             2 u                   11/2+  0
                                          2      0.067  1.239E-02  8.298E-01  6.600E+01
                                          1      0.122  1.935E-02  1.702E-01  7.793E+00
  4   0.197400   6.5  1             1 u                   13/2+  0
                                          3      0.076  0.000E+00  0.000E+00  1.677E+01
  5   0.252840   2.5  1             2 u                    5/2+  0
                                          2      0.198  1.656E-03  3.345E-03  1.020E+00
                                          1      0.253  3.067E-01  9.967E-01  2.250E+00
  6   0.295708   3.5  1             3 u                    7/2+  0
                                          5      0.043  8.930E-03  7.510E-01  8.310E+01
                                          2      0.241  5.103E-02  1.684E-01  2.300E+00
                                          1      0.296  3.317E-02  8.060E-02  1.430E+00
  7   0.350660   4.5  1             2 u                    9/2+  0
                                          6      0.055  1.525E-02  6.763E-01  4.334E+01
                                          3      0.229  7.627E-02  3.237E-01  3.244E+00
  8   0.355920   0.5  1   2.90E-07  1 u                    1/2+  0
                                          5      0.103  0.000E+00  0.000E+00  1.630E+01
  9   0.361400   1.5  1             0 u                  (3/2+)  0
 10   0.388181   4.5 -1   4.50E-10  5 u                    9/2-  0
                                          7      0.038  1.776E-04  4.973E-04  1.800E+00
                                          6      0.093  3.917E-03  4.587E-03  1.710E-01
                                          3      0.267  8.325E-03  8.793E-03  5.620E-02
                                          2      0.333  1.673E-01  1.731E-01  3.480E-02
                                          1      0.388  7.929E-01  8.130E-01  2.540E-02
 11   0.416610   5.5  1             1 u                   11/2+  0
                                          7      0.066  0.000E+00  0.000E+00  2.517E+01
 12   0.418700   2.5  1             0 u                  (5/2+)  0
 13   0.431000   3.5  1             0 u                  (7/2+)  0
 14   0.442918   5.5 -1             2 u                   11/2-  0
                                         10      0.055  7.527E-03  9.860E-01  1.300E+02
                                          3      0.321  1.344E-02  1.395E-02  3.792E-02
 15   0.497600   6.5  1             1 u                   13/2+  0
                                         11      0.081  0.000E+00  0.000E+00  1.382E+01
 16   0.508870   6.5 -1             2 u                   13/2-  0
                                         14      0.066  0.000E+00  0.000E+00  2.517E+01
                                         10      0.121  0.000E+00  0.000E+00  8.032E+00
 17   0.532000   4.5  1             0 u                  (9/2+)  0
 18   0.545000   1.5 -1             0 n                          0
 19   0.554700   5.5  1             1 u                 (11/2+)  0
                                          6      0.259  7.156E-01  1.000E+00  3.975E-01
 20   0.587900   7.5 -1             1 u                 (15/2-)  0
                                         16      0.079  0.000E+00  0.000E+00  1.487E+01
 21   0.597600   7.5  1             1 u                 (15/2+)  0
                                         15      0.100  0.000E+00  0.000E+00  7.495E+00
 22   0.633640   1.5 -1             2 u                  (3/2)-  0
                                          9      0.272  4.847E-03  5.109E-03  5.423E-02
                                          5      0.381  9.693E-01  9.949E-01  2.640E-02
 23   0.638000   0.5  1             0 n                          0
 24   0.643640   3.5 -1             4 u                  (7/2-)  0
                                         10      0.256  2.374E-01  8.073E-01  2.401E+00
                                          5      0.391  1.377E-01  1.412E-01  2.522E-02
                                          2      0.589  3.561E-03  3.599E-03  1.075E-02
                                          1      0.643  4.748E-02  4.791E-02  9.152E-03
 25   0.660000   1.5  1             0 n                          0
 26   0.661530   2.5 -1             2 u                    5/2-  0
                                          6      0.366  6.450E-01  6.635E-01  2.870E-02
                                          5      0.409  3.290E-01  3.365E-01  2.290E-02
 27   0.672000   8.5 -1             0 u                 (17/2-)  0
 28   0.701817   4.5 -1             4 u                  (9/2-)  0
                                          6      0.406  6.190E-01  6.335E-01  2.335E-02
                                          3      0.580  2.290E-02  2.316E-02  1.105E-02
                                          2      0.647  2.105E-01  2.124E-01  9.054E-03
                                          1      0.702  1.300E-01  1.310E-01  7.818E-03
 29   0.722000   3.5  1             0 u                  (7/2+)  0
 30   0.736300   1.5 -1             1 g                          0
                                          5      0.484  9.838E-01  1.000E+00  1.646E-02
 31   0.740970   0.5  1             2 u                  (1/2)+  0
                                          8      0.385  5.732E-01  9.848E-01  7.180E-01
                                          5      0.488  1.433E-02  1.524E-02  6.377E-02
 32   0.769200   1.5  1             2 u                  (3/2+)  0
                                         12      0.351  3.959E-01  7.637E-01  9.290E-01
                                          9      0.408  1.465E-01  2.363E-01  6.130E-01
 33   0.771860   5.5 -1             4 u                 (11/2-)  0
                                         11      0.356  0.000E+00  0.000E+00  3.055E-02
                                          7      0.421  5.657E-01  5.780E-01  2.169E-02
                                          3      0.650  1.754E-01  1.769E-01  8.972E-03
                                          2      0.717  2.433E-01  2.451E-01  7.523E-03
 34   0.774300   5.5 -1             1 u                 (11/2-)  0
                                          3      0.653  9.912E-01  1.000E+00  8.912E-03
 35   0.785230   4.5  1             1 u                  (9/2+)  0
                                          3      0.664  8.558E-01  1.000E+00  1.685E-01
 36   0.791000   2.5  1             0 u                  (5/2+)  0
 37   0.841100   3.5  1             1 g                          0
                                          1      0.841  9.178E-01  1.000E+00  8.957E-02
 38   0.849200   4.5 -1             2 g                          0
                                          5      0.596  6.007E-01  9.154E-01  5.240E-01
                                          1      0.850  8.409E-02  8.456E-02  5.562E-03
 39   0.852590   5.5  1             2 u                 (11/2+)  0
                                          3      0.731  7.403E-01  8.367E-01  1.302E-01
                                          2      0.798  1.481E-01  1.633E-01  1.030E-01
 40   0.856000   3.5  1             0 u                  (7/2+)  0
 41   0.866000   6.5 -1             0 u                 (13/2-)  0
 42   0.890610   4.5  1             1 u                  (9/2+)  0
                                          1      0.891  9.286E-01  1.000E+00  7.691E-02
 43   0.900100   4.5  1             1 g                          0
                                         11      0.484  7.061E-01  1.000E+00  4.163E-01
 44   0.906600   5.5 -1             1 g                          0
                                          1      0.907  8.621E-01  1.000E+00  1.599E-01
 45   0.913000   0.5 -1             0 u                  (1/2-)  0
 46   0.936000   3.5  1             0 n                          0
 47   0.942000   4.5 -1             0 n                          0
 48   0.956000  -1.0  0             0               (3/2-,5/2-)  0
 49   0.971380  -1.0  0             4                            0
                                          5      0.719  7.337E-01  7.337E-01  0.000E+00
                                          3      0.850  1.467E-02  1.467E-02  0.000E+00
                                          2      0.917  2.494E-01  2.494E-01  0.000E+00
                                          1      0.971  2.201E-03  2.201E-03  0.000E+00
 50   0.980000  -1.0  0             0                            0
 51   0.995000  -1.0  0             0                            0
 52   1.009000  -1.0  0             0                            0
 53   1.017000  -1.0  0             0                            0
 54   1.042000  -1.0  0             0                            0
 55   1.050000  -1.0  0             0                            0
 56   1.054700  -1.0  0             1                            0
                                          1      1.055  1.000E+00  1.000E+00  0.000E+00
 57   1.083000  -1.0  0             0                            0
 58   1.102300  -1.0  0             1                            0
                                          1      1.102  1.000E+00  1.000E+00  0.000E+00
 59   1.259000  -1.0  0             0                            0
 60   1.271000  -1.0  0             0                            0
 61   1.473000  -1.0  0             0                            0
 62   2.100000  -1.0  0   1.32E-08  0                            1 LE   100.0000 %SF    
246Cm  246   96   74  223   34    5    6.457601    6.570000
  1   0.000000   0.0  1   1.49E+11  0 u                      0+  2 =    100.0000 %A      =      0.0261 %SF    
  2   0.042852   2.0  1   1.23E-10  1 u                      2+  0
                                          1      0.043  9.425E-04  1.000E+00  1.060E+03
  3   0.141989   4.0  1             1 u                      4+  0
                                          2      0.099  4.902E-02  1.000E+00  1.940E+01
  4   0.294890   6.0  1             1 u                      6+  0
                                          3      0.153  2.577E-01  1.000E+00  2.880E+00
  5   0.500500   8.0  1             1 u                      8+  0
                                          4      0.205  5.210E-01  1.000E+00  9.195E-01
  6   0.753300  10.0  1             1 u                   (10+)  0
                                          5      0.253  0.000E+00  0.000E+00  4.317E-01
  7   0.841671   2.0 -1             1 u                      2-  0
                                          2      0.799  9.938E-01  1.000E+00  6.206E-03
  8   0.876434   3.0 -1             3 u                      3-  0
                                          7      0.035  2.767E-04  7.697E-01  2.781E+03
                                          3      0.734  9.048E-02  9.114E-02  7.208E-03
                                          2      0.834  1.384E-01  1.392E-01  5.755E-03
  9   0.923300   4.0 -1             3 u                    (4)-  0
                                          8      0.047  3.775E-04  2.463E-01  6.513E+02
                                          7      0.082  6.712E-03  3.316E-01  4.840E+01
                                          3      0.781  4.195E-01  4.222E-01  6.455E-03
 10   0.980600   5.0 -1             2 u                    (5-)  0
                                          4      0.685  4.966E-01  5.006E-01  8.165E-03
                                          3      0.839  4.966E-01  4.994E-01  5.696E-03
 11   1.050100  12.0  1             1 u                   (12+)  0
                                          6      0.297  0.000E+00  0.000E+00  2.545E-01
 12   1.051500   6.0 -1             2 u                    (6-)  0
                                          9      0.127  8.698E-02  6.351E-01  6.302E+00
                                          4      0.756  3.624E-01  3.649E-01  6.844E-03
 13   1.059000   2.0 -1             0 n                          0
 14   1.078840   1.0 -1             3 u                      1-  0
                                          7      0.237  3.536E-03  5.442E-03  5.389E-01
                                          2      1.036  3.108E-01  3.120E-01  3.944E-03
                                          1      1.079  6.800E-01  6.826E-01  3.680E-03
 15   1.104850   2.0 -1             3 u                    (2)-  0
                                          7      0.263  1.934E-03  4.256E-03  1.200E+00
                                          3      0.963  2.976E-05  3.384E-05  1.370E-01
                                          2      1.062  9.920E-01  9.957E-01  3.780E-03
 16   1.124260   2.0  1             3 u                      2+  0
                                          3      0.983  2.784E-02  2.824E-02  1.430E-02
                                          2      1.081  5.458E-01  5.523E-01  1.190E-02
                                          1      1.124  4.148E-01  4.194E-01  1.110E-02
 17   1.128010   3.0 -1             3 u                      3-  0
                                          8      0.252  1.100E-03  1.584E-03  4.394E-01
                                          3      0.986  3.833E-01  3.849E-01  4.293E-03
                                          2      1.085  6.113E-01  6.135E-01  3.644E-03
 18   1.128800   7.0 -1             2 u                    (7-)  0
                                          5      0.629  3.310E-01  3.342E-01  9.531E-03
                                          4      0.834  6.620E-01  6.658E-01  5.750E-03
 19   1.165480   3.0  1             3 u                    (3+)  0
                                          8      0.289  3.273E-02  3.427E-02  4.700E-02
                                          3      1.023  2.727E-01  2.763E-01  1.320E-02
                                          2      1.123  6.818E-01  6.894E-01  1.110E-02
 20   1.174720   0.0  1             2 u                      0+  0
                                          2      1.132  9.892E-01  1.000E+00  1.090E-02
                                          1      1.175  0.000E+00  0.000E+00  0.000E+00
 21   1.179700   8.0 -1             2 u                    (8-)  0
                                         12      0.127  4.148E-02  3.029E-01  6.302E+00
                                          5      0.679  6.914E-01  6.971E-01  8.298E-03
 22   1.210520   2.0  1             2 u                      2+  0
                                          2      1.168  6.770E-01  6.926E-01  2.300E-02
                                          1      1.210  3.046E-01  3.074E-01  9.210E-03
 23   1.219950   4.0  1             2 u                    (4+)  0
                                          4      0.925  6.992E-01  7.104E-01  1.600E-02
                                          2      1.177  2.867E-01  2.896E-01  1.020E-02
 24   1.221000   4.0 -1             0 n                          0
 25   1.249770   1.0 -1             5 u                      1-  0
                                         14      0.171  1.036E-01  2.971E-01  1.866E+00
                                          8      0.373  4.397E-02  4.946E-02  1.250E-01
                                          7      0.408  2.136E-02  2.351E-02  1.007E-01
                                          2      1.207  3.141E-01  3.150E-01  3.046E-03
                                          1      1.250  3.141E-01  3.150E-01  2.874E-03
 26   1.289300   0.0  1             1 u                      0+  0
                                          1      1.289  0.000E+00  0.000E+00  0.000E+00
 27   1.300430   3.0 -1             4 u                    (3-)  0
                                          9      0.377  4.630E-02  5.208E-02  1.248E-01
                                          8      0.423  6.615E-02  7.219E-02  9.134E-02
                                          3      1.158  2.117E-01  2.124E-01  3.263E-03
                                          2      1.258  6.615E-01  6.634E-01  2.844E-03
 28   1.317560   2.0  1             1 u                    (2)+  0
                                          2      1.275  9.723E-01  1.000E+00  2.850E-02
 29   1.340150   2.0 -1             2 g                          0
                                          3      1.198  7.059E-01  7.593E-01  7.572E-02
                                          2      1.297  2.400E-01  2.407E-01  2.701E-03
 30   1.348860   1.0 -1             6 u                      1-  0
                                         15      0.244  1.286E-01  4.540E-01  2.530E+00
                                         14      0.270  1.928E-01  5.014E-01  1.600E+00
                                          8      0.472  6.884E-03  7.350E-03  6.760E-02
                                          7      0.507  1.273E-02  1.345E-02  5.690E-02
                                          2      1.307  1.176E-03  1.179E-03  2.669E-03
                                          1      1.349  2.256E-02  2.262E-02  2.533E-03
 31   1.366620   2.0 -1             6 u                    (2-)  0
                                         17      0.239  1.237E-01  3.216E-01  1.600E+00
                                         15      0.262  1.316E-01  2.895E-01  1.200E+00
                                         14      0.288  1.092E-01  2.840E-01  1.600E+00
                                          9      0.443  2.895E-03  3.125E-03  7.920E-02
                                          7      0.525  6.159E-02  8.062E-02  3.090E-01
                                          2      1.324  2.106E-02  2.111E-02  2.612E-03
 32   1.379220   4.0  1             2 u                    (4+)  0
                                          3      1.237  2.775E-01  2.830E-01  2.000E-02
                                          2      1.336  7.115E-01  7.170E-01  7.689E-03
 33   1.387100  14.0  1             1 u                   (14+)  0
                                         11      0.337  0.000E+00  0.000E+00  1.725E-01
 34   1.397000   5.0 -1             0 u                    (5-)  0
 35   1.451880   1.0  1             5 u                      1+  0
                                         20      0.277  1.483E-02  4.122E-02  1.780E+00
                                         16      0.328  2.224E-02  2.641E-02  1.874E-01
                                          7      0.610  3.303E-01  3.337E-01  1.050E-02
                                          2      1.409  2.494E-01  2.548E-01  2.180E-02
                                          1      1.452  3.370E-01  3.438E-01  2.020E-02
 36   1.478420   2.0  1             5 u                    (2+)  0
                                         25      0.229  3.614E-01  3.899E-01  7.890E-02
                                         22      0.267  4.699E-02  6.378E-02  3.575E-01
                                          7      0.637  1.157E-01  1.167E-01  9.322E-03
                                          3      1.336  1.771E-01  1.785E-01  7.689E-03
                                          2      1.436  2.494E-01  2.511E-01  6.751E-03
 37   1.509220   3.0  1             6 u                    (3+)  0
                                         23      0.289  7.534E-02  9.615E-02  2.761E-01
                                         19      0.344  4.186E-01  4.866E-01  1.625E-01
                                         17      0.381  2.428E-02  2.492E-02  2.640E-02
                                          3      1.368  2.553E-01  2.572E-01  7.370E-03
                                          2      1.466  1.214E-01  1.222E-01  6.496E-03
                                          1      1.509  1.214E-02  1.297E-02  6.810E-02
 38   1.525920   3.0 -1            11 u                      3-  0
                                         23      0.306  7.428E-04  7.738E-04  4.170E-02
                                         19      0.360  3.431E-02  3.533E-02  2.960E-02
                                         17      0.398  4.952E-03  5.485E-03  1.076E-01
                                         16      0.402  1.602E-01  1.640E-01  2.370E-02
                                         15      0.421  1.344E-02  1.469E-02  9.266E-02
                                         14      0.447  7.428E-04  8.004E-04  7.760E-02
                                          9      0.603  1.408E-01  1.481E-01  5.200E-02
                                          8      0.649  2.218E-01  2.349E-01  5.900E-02
                                          7      0.684  3.537E-01  3.802E-01  7.500E-02
                                          3      1.384  3.290E-03  3.297E-03  2.427E-03
                                          2      1.483  1.238E-02  1.241E-02  2.165E-03
 39   1.573740   1.0  1             2 u                    (1+)  0
                                          2      1.531  3.322E-01  3.380E-01  1.760E-02
                                          1      1.574  6.513E-01  6.620E-01  1.630E-02
 40   1.593690   2.0 -1            12 u                      2-  0
                                         31      0.227  7.847E-03  1.277E-02  6.271E-01
                                         30      0.245  3.488E-03  5.168E-03  4.819E-01
                                         27      0.293  2.398E-03  3.031E-03  2.641E-01
                                         25      0.344  1.373E-02  1.596E-02  1.625E-01
                                         17      0.466  1.360E-02  1.458E-02  7.166E-02
                                         16      0.470  5.406E-03  5.500E-03  1.730E-02
                                         15      0.489  4.883E-02  6.709E-02  3.740E-01
                                         14      0.515  4.578E-02  6.065E-02  3.250E-01
                                          9      0.670  4.360E-03  4.493E-03  3.060E-02
                                          8      0.717  1.347E-01  1.526E-01  1.330E-01
                                          7      0.752  4.360E-01  5.140E-01  1.790E-01
                                          2      1.551  1.439E-01  1.441E-01  1.716E-03
 41   1.601220   3.0  1             7 u                    (3)+  0
                                         23      0.381  1.531E-03  2.143E-03  4.000E-01
                                         16      0.477  2.209E-02  3.093E-02  4.000E-01
                                          9      0.678  4.658E-02  4.697E-02  8.323E-03
                                          8      0.725  2.209E-01  2.226E-01  7.380E-03
                                          7      0.760  6.655E-01  6.700E-01  6.786E-03
                                          3      1.459  9.782E-03  9.910E-03  1.300E-02
                                          2      1.558  1.730E-02  1.749E-02  1.100E-02
 42   1.604160   1.0 -1             3 u                    (1-)  0
                                         25      0.354  3.141E-02  3.609E-02  1.489E-01
                                          2      1.561  4.637E-01  4.645E-01  1.697E-03
                                          1      1.604  4.986E-01  4.994E-01  1.623E-03
 43   1.621490   3.0 -1             9 u                      3-  0
                                         27      0.321  1.893E-02  2.271E-02  1.995E-01
                                         19      0.456  1.414E-02  1.440E-02  1.840E-02
                                         17      0.493  1.095E-01  1.495E-01  3.650E-01
                                         15      0.517  1.006E-02  1.056E-02  4.927E-02
                                          9      0.698  1.174E-01  1.342E-01  1.430E-01
                                          8      0.745  2.396E-01  2.828E-01  1.800E-01
                                          7      0.780  6.710E-02  7.421E-02  1.060E-01
                                          3      1.479  2.324E-01  2.329E-01  2.174E-03
                                          2      1.579  7.860E-02  7.873E-02  1.667E-03
 44   1.628920  -1.0  0             2                            0
                                          3      1.487  2.857E-01  2.857E-01  0.000E+00
                                          2      1.586  7.143E-01  7.143E-01  0.000E+00
 45   1.633530   2.0 -1             9 u                    (2)-  0
                                         31      0.267  7.594E-03  1.031E-02  3.575E-01
                                         29      0.293  6.531E-03  8.256E-03  2.641E-01
                                         25      0.384  2.734E-02  4.869E-02  7.810E-01
                                         22      0.423  6.076E-03  6.206E-03  2.145E-02
                                         17      0.506  1.747E-02  1.837E-02  5.171E-02
                                         15      0.529  2.202E-02  2.923E-02  3.270E-01
                                         14      0.555  2.126E-02  2.216E-02  4.211E-02
                                          7      0.792  9.417E-02  9.609E-02  2.038E-02
                                          2      1.591  7.594E-01  7.607E-01  1.646E-03
 46   1.659190   1.0 -1             3 u                    (1-)  0
                                         15      0.554  5.739E-01  5.981E-01  4.215E-02
                                          2      1.616  7.461E-02  7.473E-02  1.603E-03
                                          1      1.659  3.271E-01  3.271E-01  0.000E+00
 47   1.661640   1.0  1             5 u                    (1+)  0
                                         22      0.451  6.805E-03  7.333E-03  7.755E-02
                                         20      0.487  2.537E-02  3.495E-02  3.780E-01
                                          7      0.821  9.899E-03  9.957E-03  5.916E-03
                                          2      1.619  3.155E-01  3.203E-01  1.520E-02
                                          1      1.662  6.187E-01  6.274E-01  1.420E-02
 48   1.670990   3.0 -1             8 u                    (3-)  0
                                         23      0.451  5.597E-03  5.702E-03  1.880E-02
                                         19      0.506  2.747E-02  2.789E-02  1.500E-02
                                         17      0.543  9.056E-02  1.105E-01  2.200E-01
                                         15      0.566  9.718E-02  1.217E-01  2.520E-01
                                          9      0.748  5.648E-02  5.776E-02  2.276E-02
                                          7      0.829  4.070E-02  4.146E-02  1.863E-02
                                          3      1.529  5.088E-01  5.097E-01  1.756E-03
                                          2      1.628  1.252E-01  1.254E-01  1.584E-03
 49   1.680790   2.0  1             4 u                      2+  0
                                         23      0.461  1.903E-02  2.040E-02  7.170E-02
                                          3      1.539  7.613E-03  7.651E-03  4.878E-03
                                          2      1.638  9.517E-01  9.657E-01  1.470E-02
                                          1      1.681  6.281E-03  6.281E-03  0.000E+00
 50   1.712370   3.0  1             2 u                    (3+)  0
                                          3      1.570  4.938E-01  4.961E-01  4.708E-03
                                          2      1.670  5.039E-01  5.039E-01  0.000E+00
 51   1.760200  16.0  1             1 u                   (16+)  0
                                         33      0.373  0.000E+00  0.000E+00  1.287E-01
 52   1.780800   2.0  1             6 u                      2+  0
                                         31      0.414  3.647E-02  3.728E-02  2.230E-02
                                         16      0.656  4.078E-02  7.749E-02  9.000E-01
                                          8      0.904  2.012E-01  2.022E-01  4.988E-03
                                          7      0.939  2.706E-01  2.718E-01  4.671E-03
                                          2      1.738  3.921E-01  3.971E-01  1.270E-02
                                          1      1.781  1.412E-02  1.412E-02  0.000E+00
 53   1.821750  -1.0  0             2                            0
                                          2      1.779  9.381E-01  9.381E-01  0.000E+00
                                          1      1.822  6.191E-02  6.191E-02  0.000E+00
 54   1.836730  -1.0  0             3                   (2+,1-)  0
                                          8      0.960  5.187E-01  5.187E-01  0.000E+00
                                          2      1.795  3.527E-02  3.527E-02  0.000E+00
                                          1      1.837  4.461E-01  4.461E-01  0.000E+00
 55   1.856590   3.0  1             5 u                    (3+)  0
                                         37      0.347  3.982E-01  4.611E-01  1.580E-01
                                         23      0.637  1.951E-01  2.012E-01  3.142E-02
                                         16      0.733  2.509E-01  2.568E-01  2.370E-02
                                          3      1.715  3.584E-02  3.584E-02  0.000E+00
                                          2      1.814  4.500E-02  4.500E-02  0.000E+00
 56   1.870190  -1.0  0             3                      1,2+  0
                                         26      0.581  2.949E-01  2.949E-01  0.000E+00
                                          2      1.827  6.702E-01  6.702E-01  0.000E+00
                                          1      1.870  3.485E-02  3.485E-02  0.000E+00
 57   1.875520  -1.0  0             3                      1,2+  0
                                         16      0.751  9.634E-01  9.634E-01  0.000E+00
                                          2      1.833  1.349E-02  1.349E-02  0.000E+00
                                          1      1.876  2.312E-02  2.312E-02  0.000E+00
 58   1.886760   1.0  1             4 u                    (1+)  0
                                         35      0.435  1.483E-01  3.262E-01  1.200E+00
                                          7      1.045  3.089E-01  3.101E-01  3.885E-03
                                          2      1.844  1.514E-01  1.514E-01  0.000E+00
                                          1      1.887  2.101E-01  2.122E-01  1.030E-02
 59   1.898070   2.0  1             4 u                    (2+)  0
                                         19      0.733  8.021E-01  8.211E-01  2.370E-02
                                          3      1.756  7.460E-02  7.460E-02  0.000E+00
                                          2      1.855  8.021E-02  8.021E-02  0.000E+00
                                          1      1.898  2.406E-02  2.406E-02  0.000E+00
 60   1.901310  -1.0  0             2                      2+,3  0
                                          3      1.759  9.653E-01  9.653E-01  0.000E+00
                                          2      1.859  3.475E-02  3.475E-02  0.000E+00
 61   1.906110  -1.0  0             2                   2+,3,4+  0
                                          3      1.764  4.872E-01  4.872E-01  0.000E+00
                                          2      1.863  5.128E-01  5.128E-01  0.000E+00
 62   1.909310  -1.0  0             2                     1-,2+  0
                                          2      1.866  7.752E-01  7.752E-01  0.000E+00
                                          1      1.909  2.248E-01  2.248E-01  0.000E+00
 63   1.924560  -1.0  0             2                      1,2+  0
                                          2      1.882  4.764E-01  4.764E-01  0.000E+00
                                          1      1.925  5.236E-01  5.236E-01  0.000E+00
 64   1.947070  -1.0  0             3                   2+,3,4+  0
                                         43      0.326  7.407E-01  7.407E-01  0.000E+00
                                          3      1.805  1.111E-01  1.111E-01  0.000E+00
                                          2      1.904  1.481E-01  1.481E-01  0.000E+00
 65   1.965000  -1.0  0             0                            0
 66   1.983340  -1.0  0             4                   (1+,2+)  0
                                         50      0.271  2.772E-01  2.772E-01  0.000E+00
                                         43      0.362  6.761E-01  6.761E-01  0.000E+00
                                          2      1.940  3.043E-02  3.043E-02  0.000E+00
                                          1      1.983  1.623E-02  1.623E-02  0.000E+00
 67   2.032500  -1.0  0             4                      1,2+  0
                                         47      0.371  2.867E-01  2.867E-01  0.000E+00
                                         35      0.581  5.734E-01  5.734E-01  0.000E+00
                                          2      1.990  7.110E-02  7.110E-02  0.000E+00
                                          1      2.032  6.881E-02  6.881E-02  0.000E+00
 68   2.146040  -1.0  0             2                      1,2+  0
                                          2      2.103  3.377E-01  3.377E-01  0.000E+00
                                          1      2.146  6.623E-01  6.623E-01  0.000E+00
 69   2.165100  18.0  1             1 u                   (18+)  0
                                         51      0.405  0.000E+00  0.000E+00  1.028E-01
 70   2.171400  -1.0  0             3                      2+,3  0
                                         40      0.578  7.746E-01  7.746E-01  0.000E+00
                                          3      2.029  1.069E-01  1.069E-01  0.000E+00
                                          2      2.129  1.185E-01  1.185E-01  0.000E+00
 71   2.598100  20.0  1             1 u                   (20+)  0
                                         69      0.433  0.000E+00  0.000E+00  8.616E-02
 72   3.056000  22.0  1             1 u                   (22+)  0
                                         71      0.458  0.000E+00  0.000E+00  7.472E-02
 73   3.535100  24.0  1             1 u                   (24+)  0
                                         72      0.479  0.000E+00  0.000E+00  6.678E-02
 74   4.033200  26.0  1             1 u                   (26+)  0
                                         73      0.498  0.000E+00  0.000E+00  6.074E-02
247Cm  247   96   55   23   29    5    5.156000    6.750000
  1   0.000000   4.5 -1   4.92E+14  0 u                    9/2-  1 =    100.0000 %A     
  2   0.061670   5.5 -1             1 u                   11/2-  0
                                          1      0.062  0.000E+00  0.000E+00  4.000E+01
  3   0.134650   6.5 -1             2 u                   13/2-  0
                                          2      0.073  1.372E-02  7.133E-01  5.100E+01
                                          1      0.135  4.730E-02  2.867E-01  5.060E+00
  4   0.219000   7.5 -1             2 u                   15/2-  0
                                          3      0.084  3.355E-02  9.393E-01  2.700E+01
                                          2      0.157  1.677E-02  6.072E-02  2.620E+00
  5   0.227380   2.5  1   2.63E-05  2 u                    5/2+  0
                                          2      0.166  1.448E-03  4.547E-02  3.040E+01
                                          1      0.227  8.229E-02  9.545E-01  1.060E+01
  6   0.265860   3.5  1             2 u                  (7/2+)  0
                                          5      0.038  5.181E-03  9.378E-01  1.800E+02
                                          1      0.266  5.888E-02  6.224E-02  5.710E-02
  7   0.285410   3.5  1             2 u                  (7/2+)  0
                                          5      0.058  7.755E-03  6.127E-01  7.800E+01
                                          1      0.285  3.693E-01  3.873E-01  4.890E-02
  8   0.309000   3.5 -1             0 n                          0
  9   0.318300   4.5  1             3 u                    9/2+  0
                                          6      0.052  1.334E-02  9.475E-01  7.000E+01
                                          2      0.257  3.607E-02  3.829E-02  6.170E-02
                                          1      0.318  1.371E-02  1.424E-02  3.870E-02
 10   0.336000   3.5  1             0 n                          0
 11   0.345900   4.5  1             3 u                  (9/2+)  0
                                          7      0.061  1.248E-02  7.863E-01  6.200E+01
                                          2      0.284  1.504E-01  1.578E-01  4.940E-02
                                          1      0.346  5.413E-02  5.589E-02  3.240E-02
 12   0.370000   2.5 -1             0 n                          0
 13   0.381000   5.5  1             0 u                 (11/2+)  0
 14   0.398000   0.5  1             0 n                          0
 15   0.404900   0.5  1   1.01E-07  1 u                    1/2+  0
                                          5      0.178  0.000E+00  0.000E+00  1.610E+00
 16   0.417000   1.5 -1             0 n                          0
 17   0.433000   1.5  1             0 u                  (3/2+)  0
 18   0.439000   5.5 -1             0 n                          0
 19   0.448000   2.5  1             0 u                  (5/2+)  0
 20   0.506000   0.5  1             0 u                  (1/2+)  0
 21   0.516700   3.5  1             1 u                  (7/2+)  0
                                          5      0.289  0.000E+00  0.000E+00  1.699E+00
 22   0.518580   1.5  1             2 u                  (3/2+)  0
                                         15      0.114  2.530E-02  1.562E-01  5.176E+00
                                          5      0.291  3.162E-01  8.438E-01  1.668E+00
 23   0.550000   4.5  1             0 u                  (9/2+)  0
 24   0.581700   2.5  1             2 u                  (5/2+)  0
                                          6      0.316  2.943E-01  6.866E-01  1.333E+00
                                          5      0.354  1.589E-01  3.134E-01  9.721E-01
 25   0.592000   1.5  1             0 n                          0
 26   0.604000   3.5  1             0 u                  (7/2+)  0
 27   0.668000   0.5  1             0 n                          0
 28   0.687000   3.5  1             0 n                          0
 29   0.699000   4.5  1             0 u                  (9/2+)  0
 30   0.749000  -1.0  0             0                            0
 31   0.784000  -1.0  0             0                            0
 32   0.803000  -1.0  0             0                            0
 33   0.819000  -1.0  0             0                            0
 34   0.856000  -1.0  0             0                            0
 35   0.897000  -1.0  0             0                            0
 36   0.947000  -1.0  0             0                            0
 37   0.957000  -1.0  0             0                            0
 38   0.988000  -1.0  0             0                            0
 39   1.001000  -1.0  0             0                            0
 40   1.044000  -1.0  0             0                            0
 41   1.064000  -1.0  0             0                            0
 42   1.079000  -1.0  0             0                            0
 43   1.091000  -1.0  0             0                            0
 44   1.159000  -1.0  0             0                            0
 45   1.182000  -1.0  0             0                            0
 46   1.199000  -1.0  0             0                            0
 47   1.239000  -1.0  0             0                            0
 48   1.247000  -1.0  0             0                            0
 49   1.271000  -1.0  0             0                            0
 50   1.283000  -1.0  0             0                            0
 51   1.317000  -1.0  0             0                            0
 52   1.356000  -1.0  0             0                            0
 53   1.364000  -1.0  0             0                            0
 54   1.372000  -1.0  0             0                            0
 55   1.512000  -1.0  0             0                            0
248Cm  248   96   45   24   25    6    6.213000    7.050000
  1   0.000000   0.0  1   1.10E+13  0 u                      0+  2 =     91.6000 %A      =      8.3900 %SF    
  2   0.043400   2.0  1   1.24E-10  1 u                      2+  0
                                          1      0.043  0.000E+00  0.000E+00  1.010E+03
  3   0.143600   4.0  1   7.80E-11  1 u                      4+  0
                                          2      0.100  0.000E+00  0.000E+00  1.900E+01
  4   0.298100   6.0  1   3.30E-11  1 u                      6+  0
                                          3      0.155  0.000E+00  0.000E+00  2.830E+00
  5   0.505000   8.0  1   1.32E-11  1 u                      8+  0
                                          4      0.207  0.000E+00  0.000E+00  8.880E-01
  6   0.760700  10.0  1   9.40E-12  1 u                     10+  0
                                          5      0.256  0.000E+00  0.000E+00  4.150E-01
  7   1.049000   2.0  1   1.24E-12  0 u                    (2+)  0
  8   1.049000   1.0 -1             0 u                    (1-)  0
  9   1.061300  12.0  1   3.90E-12  1 u                     12+  0
                                          6      0.301  0.000E+00  0.000E+00  2.440E-01
 10   1.084000   0.0  1             0 u                      0+  0
 11   1.094000   3.0 -1             0 u                      3-  0
 12   1.126000   2.0  1             0 u                    (2+)  0
 13   1.143000   4.0  1             0 u                    (4+)  0
 14   1.172000   5.0 -1             0 u                    (5-)  0
 15   1.222000   4.0  1             0 u                    (4+)  0
 16   1.235000   3.0 -1             0 u                    (3-)  0
 17   1.302000   3.0 -1             0 u                    (3-)  0
 18   1.314000   8.0 -1             0 n                          0
 19   1.353000   3.0  1             0 n                          0
 20   1.394000   0.0  1             0 n                          0
 21   1.402500  14.0  1   1.69E-12  1 u                     14+  0
                                          9      0.341  0.000E+00  0.000E+00  1.660E-01
 22   1.435000   4.0  1             0 n                          0
 23   1.464000   4.0 -1             0 n                          0
 24   1.482000   3.0 -1             0 u                    (3-)  0
 25   1.509000   2.0 -1             0 n                          0
 26   1.547000  -1.0  0             0                            0
 27   1.649000  -1.0  0             0                            0
 28   1.680000  11.0 -1             1 u                   (11-)  0
                                          9      0.619  0.000E+00  0.000E+00  9.813E-03
 29   1.779600  16.0  1   1.47E-12  1 u                     16+  0
                                         21      0.377  0.000E+00  0.000E+00  1.250E-01
 30   1.883000  -1.0  0             0                            0
 31   1.938000  -1.0  0             0                            0
 32   1.938000  13.0 -1             2 u                   (13-)  0
                                         28      0.259  0.000E+00  0.000E+00  3.975E-01
                                         21      0.536  0.000E+00  0.000E+00  1.281E-02
 33   1.969000  -1.0  0             0                            0
 34   2.000000  -1.0  0             0                            0
 35   2.187700  18.0  1   9.80E-13  1 u                     18+  0
                                         29      0.408  0.000E+00  0.000E+00  1.010E-01
 36   2.238000  15.0 -1             2 u                   (15-)  0
                                         32      0.300  0.000E+00  0.000E+00  2.461E-01
                                         29      0.458  0.000E+00  0.000E+00  1.832E-02
 37   2.574000  17.0 -1             2 u                   (17-)  0
                                         36      0.337  0.000E+00  0.000E+00  1.725E-01
                                         35      0.386  0.000E+00  0.000E+00  2.587E-02
 38   2.621500  20.0  1   7.10E-13  1 u                     20+  0
                                         35      0.434  0.000E+00  0.000E+00  8.560E-02
 39   2.944000  19.0 -1             1 u                   (19-)  0
                                         37      0.370  0.000E+00  0.000E+00  1.317E-01
 40   3.077200  22.0  1   4.20E-13  1 u                     22+  0
                                         38      0.456  0.000E+00  0.000E+00  7.550E-02
 41   3.344000  21.0 -1             1 u                   (21-)  0
                                         39      0.400  0.000E+00  0.000E+00  1.062E-01
 42   3.552400  24.0  1   4.00E-13  1 u                     24+  0
                                         40      0.475  0.000E+00  0.000E+00  6.810E-02
 43   3.772000  23.0 -1             1 u                   (23-)  0
                                         41      0.428  0.000E+00  0.000E+00  8.880E-02
 44   4.048200  26.0  1             1 u                     26+  0
                                         42      0.496  0.000E+00  0.000E+00  6.140E-02
 45   4.564500  28.0  1             1 u                     28+  0
                                         44      0.516  0.000E+00  0.000E+00  5.510E-02
249Cm  249   96   84  110   32    1    4.713370    7.100000
  1   0.000000   0.5  1   3.85E+03  0 u                    1/2+  1 =    100.0000 %B-    
  2   0.026236   1.5  1             1 u                  3/2(+)  0
                                          1      0.026  0.000E+00  0.000E+00  3.558E+02
  3   0.048205   2.5  1             0 u                  5/2(+)  0
  4   0.048760   3.5  1   2.30E-05  1 u                    7/2+  0
                                          2      0.023  6.493E-05  1.000E+00  1.540E+04
  5   0.109490   4.5  1             1 u                  (9/2+)  0
                                          4      0.061  3.036E-02  1.000E+00  3.194E+01
  6   0.110173   3.5  1             1 u                  (7/2+)  0
                                          2      0.084  2.243E-02  1.000E+00  4.358E+01
  7   0.148400   4.5  1             0 u                  (9/2+)  0
  8   0.182770   5.5  1             1 u                 (11/2+)  0
                                          5      0.074  5.587E-02  1.000E+00  1.690E+01
  9   0.207998   1.5  1             5 u                  (3/2+)  0
                                          6      0.098  1.463E-02  3.258E-01  2.126E+01
                                          4      0.160  1.098E-02  3.811E-02  2.472E+00
                                          3      0.160  1.150E-02  1.150E-01  8.998E+00
                                          2      0.182  3.397E-02  2.460E-01  6.241E+00
                                          1      0.208  5.227E-02  2.751E-01  4.264E+00
 10   0.242004   2.5  1             3 u                    5/2+  0
                                          4      0.193  6.248E-02  3.904E-01  5.248E+00
                                          3      0.194  9.056E-02  5.620E-01  5.206E+00
                                          1      0.242  3.170E-02  4.762E-02  5.023E-01
 11   0.244770   5.5  1             1 u                 (11/2+)  0
                                          6      0.135  1.684E-01  1.000E+00  4.940E+00
 12   0.268800   6.5  1             1 u                 (13/2+)  0
                                          8      0.086  8.547E-02  1.000E+00  1.070E+01
 13   0.289020   3.5  1             2 u                  (7/2+)  0
                                          4      0.240  1.036E-01  3.986E-01  2.847E+00
                                          3      0.241  1.570E-01  6.014E-01  2.831E+00
 14   0.299000   6.5  1             1 u                 (13/2+)  0
                                          7      0.151  2.457E-01  1.000E+00  3.070E+00
 15   0.306900   1.5 -1             0 c                 1/2,3/2  0
 16   0.350000   4.5  1             0 u                  (9/2+)  0
 17   0.375230   5.5 -1   1.90E-08  2 u                 (11/2-)  0
                                          8      0.193  2.614E-01  2.917E-01  1.160E-01
                                          5      0.266  6.703E-01  7.083E-01  5.660E-02
 18   0.429770   7.5  1             1 u                 (15/2+)  0
                                         11      0.185  4.292E-01  1.000E+00  1.330E+00
 19   0.452000   7.5  1             0 n                          0
 20   0.470208   1.5 -1             3 u                  (3/2-)  0
                                          3      0.422  5.165E-01  5.276E-01  2.159E-02
                                          2      0.444  3.564E-02  3.633E-02  1.948E-02
                                          1      0.470  4.287E-01  4.361E-01  1.730E-02
 21   0.494486   0.5 -1             2 u                    1/2-  0
                                          2      0.468  4.311E-01  4.386E-01  1.753E-02
                                          1      0.494  5.527E-01  5.614E-01  1.575E-02
 22   0.498600   8.5  1             1 u                 (17/2+)  0
                                         14      0.200  5.020E-01  1.000E+00  9.920E-01
 23   0.502010   3.5 -1             2 u                  (7/2-)  0
                                          7      0.354  4.704E-01  4.848E-01  3.080E-02
                                          3      0.454  5.058E-01  5.152E-01  1.860E-02
 24   0.518000   7.5 -1             0 n                          0
 25   0.526430   4.5  1             2 u                  (9/2+)  0
                                          5      0.417  2.481E-01  3.912E-01  5.770E-01
                                          4      0.478  4.352E-01  6.088E-01  3.990E-01
 26   0.529640   2.5  1             2 u                  (5/2+)  0
                                         13      0.241  2.204E-01  8.453E-01  2.836E+00
                                          9      0.322  6.832E-02  1.547E-01  1.265E+00
 27   0.533000   7.5 -1             0 u                 (15/2-)  0
 28   0.546854   2.5 -1             3 u                  (5/2-)  0
                                         20      0.077  4.843E-02  8.348E-01  1.624E+01
                                         13      0.258  1.242E-01  1.318E-01  6.113E-02
                                          9      0.339  3.229E-02  3.338E-02  3.379E-02
 29   0.577510   5.5 -1             2 u                 (11/2-)  0
                                         14      0.279  2.676E-01  2.813E-01  5.110E-02
                                          7      0.429  7.042E-01  7.187E-01  2.070E-02
 30   0.578435   3.5  1             1 u                  (7/2+)  0
                                          6      0.468  6.877E-01  1.000E+00  4.541E-01
 31   0.593000   7.5 -1             0 u                 (15/2-)  0
 32   0.604000   5.5  1             0 u                 (11/2+)  0
 33   0.634000  -1.0  0             0                            0
 34   0.663470   9.5  1             1 u                 (19/2+)  0
                                         18      0.234  6.435E-01  1.000E+00  5.540E-01
 35   0.690500  -1.0  0             0                            0
 36   0.699110   7.5 -1             1 u                 (15/2-)  0
                                         14      0.400  9.767E-01  1.000E+00  2.390E-02
 37   0.718000  -1.0  0             0                            0
 38   0.740500  10.5  1             1 u                 (21/2+)  0
                                         21      0.246  2.726E-01  1.000E+00  2.668E+00
 39   0.772750   1.5 -1             6 u                  (3/2-)  0
                                         28      0.226  4.411E-02  1.930E-01  3.376E+00
                                         21      0.278  3.482E-02  1.008E-01  1.894E+00
                                         20      0.303  9.518E-02  2.380E-01  1.500E+00
                                         10      0.532  1.045E-01  1.058E-01  1.300E-02
                                          3      0.724  2.321E-01  2.339E-01  7.386E-03
                                          1      0.773  1.277E-01  1.285E-01  6.581E-03
 40   0.818889   2.5 -1             3 u                  (5/2-)  0
                                         30      0.240  1.235E-01  1.323E-01  7.128E-02
                                         28      0.272  9.117E-02  2.750E-01  2.017E+00
                                         20      0.349  2.941E-01  5.926E-01  1.015E+00
 41   0.858974  -1.0  0             2                (1/2-,3/2)  0
                                         28      0.312  1.803E-01  1.803E-01  0.000E+00
                                          2      0.833  8.197E-01  8.197E-01  0.000E+00
 42   0.868300   9.5 -1             1 u                 (19/2-)  0
                                         22      0.370  9.727E-01  1.000E+00  2.810E-02
 43   0.917560   0.5 -1             3 u                  (1/2-)  0
                                         21      0.423  2.344E-01  3.749E-01  5.990E-01
                                         20      0.447  1.398E-01  2.117E-01  5.142E-01
                                          2      0.891  4.113E-01  4.134E-01  5.117E-03
 44   0.942500  11.5  1             1 u                 (23/2+)  0
                                         34      0.279  7.631E-01  1.000E+00  3.104E-01
 45   0.963120   1.5 -1             2 u                  (3/2-)  0
                                          3      0.915  6.339E-01  6.370E-01  4.890E-03
                                          1      0.963  3.613E-01  3.630E-01  4.472E-03
 46   0.971177   2.5 -1             2 u                  (5/2-)  0
                                         26      0.442  1.855E-01  1.891E-01  1.971E-02
                                          6      0.861  8.065E-01  8.109E-01  5.439E-03
 47   1.011300  -1.0  0             0                 (1/2,3/2)  0
 48   1.029500  12.5  1             1 u                 (25/2+)  0
                                         38      0.289  7.831E-01  1.000E+00  2.771E-01
 49   1.029900   4.5  1             1 u                  (9/2+)  0
                                          4      0.981  9.456E-01  1.000E+00  5.750E-02
 50   1.047820  -1.0  0             4             (1/2,3/2,5/2)  0
                                         46      0.077  2.039E-01  2.039E-01  0.000E+00
                                         45      0.085  2.087E-01  2.087E-01  0.000E+00
                                         43      0.130  4.854E-01  4.854E-01  0.000E+00
                                         40      0.229  1.019E-01  1.019E-01  0.000E+00
 51   1.090000  -1.0  0             0                            0
 52   1.153360  -1.0  0             4             (1/2,3/2,5/2)  0
                                         46      0.182  9.859E-02  9.859E-02  0.000E+00
                                         28      0.607  9.859E-02  9.859E-02  0.000E+00
                                         20      0.683  9.859E-02  9.859E-02  0.000E+00
                                          2      1.127  7.042E-01  7.042E-01  0.000E+00
 53   1.175890  -1.0  0             3             (1/2,3/2,5/2)  0
                                         20      0.706  2.192E-01  2.192E-01  0.000E+00
                                          9      0.968  3.242E-01  3.242E-01  0.000E+00
                                          1      1.176  4.566E-01  4.566E-01  0.000E+00
 54   1.203700  -1.0  0             0                 (1/2,3/2)  0
 55   1.263300  -1.0  0             0                 (1/2,3/2)  0
 56   1.265500  13.5  1             1 u                 (27/2+)  0
                                         44      0.323  8.362E-01  1.000E+00  1.959E-01
 57   1.269310  -1.0  0             1                 (1/2,3/2)  0
                                          1      1.270  1.000E+00  1.000E+00  0.000E+00
 58   1.314400  -1.0  0             0                 (1/2,3/2)  0
 59   1.353000   6.5  1             0 u                 (13/2+)  0
 60   1.359500  14.5  1             1 u                 (29/2+)  0
                                         48      0.330  8.448E-01  1.000E+00  1.837E-01
 61   1.382000  -1.0  0             0                            0
 62   1.504800   8.5  1             1 u                 (17/2+)  0
                                         42      0.637  9.908E-01  1.000E+00  9.328E-03
 63   1.528000  -1.0  0             0                            0
 64   1.550000  -1.0  0             0                            0
 65   1.560000  -1.0  0             0                            0
 66   1.570000  -1.0  0             0                            0
 67   1.627500  15.5  1             1 u                 (31/2+)  0
                                         56      0.362  8.771E-01  1.000E+00  1.401E-01
 68   1.650000  -1.0  0             0                            0
 69   1.725500  16.5  1             1 u                 (33/2+)  0
                                         60      0.366  8.804E-01  1.000E+00  1.358E-01
 70   1.838000   7.5 -1             0 u                 (15/2-)  0
 71   1.898000  -1.0  0             0                            0
 72   2.024500  17.5  1             1 u                 (35/2+)  0
                                         67      0.397  9.022E-01  1.000E+00  1.084E-01
 73   2.123500  18.5  1             1 u                 (37/2+)  0
                                         69      0.398  9.028E-01  1.000E+00  1.077E-01
 74   2.450500  19.5  1             1 u                 (39/2+)  0
                                         72      0.426  9.175E-01  1.000E+00  8.989E-02
 75   2.548500  20.5  1             1 u                 (41/2+)  0
                                         73      0.425  9.171E-01  1.000E+00  9.044E-02
 76   2.899500  21.5  1             1 u                 (43/2+)  0
                                         74      0.449  9.272E-01  1.000E+00  7.852E-02
 77   2.994500  22.5  1             1 u                 (45/2+)  0
                                         75      0.446  9.260E-01  1.000E+00  7.987E-02
 78   3.365500  23.5  1             1 u                 (47/2+)  0
                                         76      0.466  9.333E-01  1.000E+00  7.152E-02
 79   3.457500  24.5  1             1 u                 (49/2+)  0
                                         77      0.463  9.322E-01  1.000E+00  7.268E-02
 80   3.843500  25.5  1             1 u                 (51/2+)  0
                                         78      0.478  9.371E-01  1.000E+00  6.715E-02
 81   3.933500  26.5  1             1 u                 (53/2+)  0
                                         79      0.476  9.365E-01  1.000E+00  6.785E-02
 82   4.337500  27.5  1             1 u                 (55/2+)  0
                                         80      0.494  9.416E-01  1.000E+00  6.197E-02
 83   4.426500  28.5  1             1 u                 (57/2+)  0
                                         81      0.493  9.414E-01  1.000E+00  6.227E-02
 84   4.713460   0.5  1            17 u                    1/2+  0
                                         58      3.399  1.997E-02  1.997E-02  0.000E+00
                                         57      3.445  1.389E-01  1.389E-01  0.000E+00
                                         55      3.450  1.274E-02  1.274E-02  0.000E+00
                                         54      3.510  7.209E-02  7.209E-02  0.000E+00
                                         53      3.538  1.902E-01  1.902E-01  0.000E+00
                                         52      3.561  6.848E-02  6.848E-02  0.000E+00
                                         50      3.664  5.612E-02  5.612E-02  0.000E+00
                                         47      3.702  1.750E-02  1.750E-02  0.000E+00
                                         45      3.751  1.179E-01  1.179E-01  0.000E+00
                                         43      3.796  4.033E-02  4.033E-02  0.000E+00
                                         41      3.855  1.141E-02  1.141E-02  0.000E+00
                                         35      4.023  2.454E-02  2.454E-02  0.000E+00
                                         21      4.219  1.086E-01  1.086E-01  0.000E+00
                                         20      4.244  6.696E-02  6.696E-02  0.000E+00
                                         15      4.407  1.427E-02  1.427E-02  0.000E+00
                                          9      4.505  2.359E-02  2.359E-02  0.000E+00
                                          1      4.713  1.636E-02  1.636E-02  0.000E+00
250Cm  250   96    2    0    1    2    5.832000    7.409000
  1   0.000000   0.0  1   2.62E+11  0                        0+  3 AP    18.0000 %A      AP     8.0000 %B-     AP    74.0000 %SF    
  2   0.043000   2.0  1             0                        2+  0
251Cm  251   96    1    0    1    1    4.413000    0.000000
  1   0.000000   0.5  1   1.01E+03  0                    (1/2+)  1 =    100.0000 %B-    
252Cm  252   96    1    0    1    1    5.663000    0.000000
  1   0.000000   0.0  1   1.73E+05  0                        0+  0
