234Bk  234   97    1    0    1    1    7.390000    1.500000
  1   0.000000  -1.0  0   1.40E+02  0                            2 LE    20.0000 %EC     GE    80.0000 %A     
238Bk  238   97    1    0    1    1    7.000000    2.300000
  1   0.000000  -1.0  0   1.44E+02  0                            1 =    100.0000 %EC+%B+
239Bk  239   97    2    0    1    1    8.000000    2.300000
  1   0.000000  -1.0  0             0   +X                       0
  2   0.041000  -1.0  0             0   +X                       0
240Bk  240   97    2    0    1    1    6.690001    2.820000
  1   0.000000  -1.0  0   2.88E+02  0                            1 ?      0.0000 %EC+%B+
  2   0.240000  -1.0  0             0                            0
241Bk  241   97    4    0    1    1    7.630001    2.910000
  1   0.000000   3.5  1   2.76E+02  0                    (7/2+)  2 ?      0.0000 %EC+%B+ ?      0.0000 %A     
  2   0.051000   1.5 -1             0                    (3/2-)  0
  3   0.082000   2.5 -1             0                    (5/2-)  0
  4   0.128000   3.5 -1             0                    (7/2-)  0
242Bk  242   97    4    0    1    1    6.370000    3.190000
  1   0.000000  -1.0  0   4.20E+02  0                            1 LE   100.0000 %EC+%B+
  2   0.250000  -1.0  0             0                            0
  3   0.000000  -1.0  0   9.50E-09  0   +X                       1 LE   100.0000 %SF    
  4   0.000000  -1.0  0   6.00E-07  0   +Y                       1 LE   100.0000 %SF    
243Bk  243   97    5    0    1    1    7.120000    3.403000
  1   0.000000   1.5 -1   1.62E+04  0                    (3/2-)  2 AP    99.8000 %EC     AP     0.1500 %A     
  2   0.046000   3.5  1             0                    (7/2+)  0
  3   0.095000   4.5  1             0                    (9/2+)  0
  4   0.158000   5.5  1             0                   (11/2+)  0
  5   2.200000  -1.0  0   5.00E-09  0                            1 LE   100.0000 %SF    
244Bk  244   97    5    0    1    1    6.053000    3.763000
  1   0.000000   4.0 -1   1.57E+04  0                      (4-)  2 =    100.0000 %EC     =      0.0060 %A     
  2   0.140000  -1.0  0             0                            0
  3   0.170000  -1.0  0             0                            0
  4   0.200000  -1.0  0             0                            0
  5   0.000000  -1.0  0   8.20E-07  0   +X                       1 LE   100.0000 %SF    
245Bk  245   97    4    0    1    1    6.971000    3.927200
  1   0.000000   1.5 -1   4.28E+05  0                      3/2-  2 =     99.9000 %EC     =      0.1200 %A     
  2   0.000000   3.5  1             0   +X               7/2(+)  0
  3   0.061000   4.5  1             0   +X               (9/2+)  0
  4   1.560000  -1.0  0   2.00E-09  0                            1 =    100.0000 %SF    
246Bk  246   97    1    0    1    1    5.918000    4.325000
  1   0.000000   2.0 -1   1.56E+05  0   +X                 2(-)  1 =    100.0000 %EC+%B+
247Bk  247   97   25   15   16    1    6.550000    4.417000
  1   0.000000   1.5 -1   4.35E+10  0 u                  (3/2-)  1 LE   100.0000 %A     
  2   0.029900   2.5 -1             1 u                  (5/2-)  0
                                          1      0.030  0.000E+00  0.000E+00  2.679E+02
  3   0.040800   3.5  1             2 u                    7/2+  0
                                          2      0.011  0.000E+00  0.000E+00  9.512E+00
                                          1      0.041  0.000E+00  0.000E+00  6.331E+03
  4   0.071600   3.5 -1             0 u                  (7/2-)  0
  5   0.082800   4.5  1             1 u                  (9/2)+  0
                                          3      0.042  0.000E+00  0.000E+00  9.815E+01
  6   0.125500   4.5 -1             0 u                  (9/2-)  0
  7   0.137000   5.5  1             0 u                 (11/2+)  0
  8   0.196000   6.5  1             0 u                 (13/2+)  0
  9   0.265000   7.5  1             0 u                 (15/2+)  0
 10   0.334900   2.5  1             3 u                  (5/2)+  0
                                          3      0.294  3.547E-01  9.860E-01  1.780E+00
                                          2      0.305  3.192E-03  3.331E-03  4.342E-02
                                          1      0.335  1.029E-02  1.065E-02  3.573E-02
 11   0.378100   3.5  1             1 u                  (7/2+)  0
                                          3      0.337  0.000E+00  0.000E+00  1.221E+00
 12   0.447800   2.5 -1             4 u                  (5/2-)  0
                                          4      0.376  4.520E-02  8.606E-02  9.041E-01
                                          3      0.407  1.226E-01  1.256E-01  2.400E-02
                                          2      0.418  2.172E-01  3.259E-01  5.000E-01
                                          1      0.448  3.504E-01  4.625E-01  3.200E-01
 13   0.487000   0.5  1             0 u                  (1/2+)  0
 14   0.489400   3.5 -1             3 u                  (7/2-)  0
                                          6      0.364  2.845E-01  5.663E-01  9.904E-01
                                          4      0.418  0.000E+00  0.000E+00  6.786E-01
                                          2      0.460  2.845E-01  4.337E-01  5.242E-01
 15   0.518000   1.5  1             0 u                  (3/2+)  0
 16   0.541000   4.5 -1             0 u                  (9/2-)  0
 17   0.587000   6.5  1             0 u                 (13/2+)  0
 18   0.704000   0.5 -1             0 u                  (1/2-)  0
 19   0.743000   2.5 -1             0 u                  (5/2-)  0
 20   0.815000   3.5 -1             0 u                  (7/2-)  0
 21   0.828000   4.5 -1             0 u                  (9/2-)  0
 22   0.904000   4.5 -1             0 u                  (9/2-)  0
 23   0.983000  -1.0  0             0                            0
 24   1.149000  -1.0  0             0                            0
 25   1.166000   6.5  1             0 u                 (13/2+)  0
248Bk  248   97   22   11   11    1    5.480000    4.743000
  1   0.000000  -1.0  0   2.84E+08  0                            0
  2   0.000000   1.0 -1   8.53E+04  0   +X                 1(-)  2 =     30.0000 %EC     =     70.0000 %B-    
  3   0.000000   6.0  1             0   +Y                 (6+)  0
  4   0.070650   7.0  1             1   +Y                 (7+)  0
                                          3      0.071  0.000E+00  0.000E+00  1.070E+02
  5   0.136000   8.0 -1             1   +Y                 (8-)  0
                                          4      0.064  0.000E+00  0.000E+00  4.580E-01
  6   0.145000  -1.0  0             0   +Y                       0
  7   0.151300   8.0  1             2   +Y                 (8+)  0
                                          4      0.081  3.780E-02  6.266E-01  1.557E+01
                                          3      0.151  8.592E-02  3.734E-01  3.346E+00
  8   0.171500  -1.0  0             0   +Y           (4-,5-,6-)  0
  9   0.179000  -1.0  0             0   +Y                       0
 10   0.212600  -1.0  0             0   +Y           (4-,5-,6-)  0
 11   0.262000  -1.0  0             0   +Y                       0
 12   0.339000  -1.0  0             0   +Y                       0
 13   0.373000  -1.0  0             2   +Y                       0
                                          9      0.194  1.086E-01  7.334E-01  5.750E+00
                                          6      0.228  5.758E-02  2.666E-01  3.630E+00
 14   0.399700   5.0  1             1   +Y                 (5+)  0
                                          3      0.400  0.000E+00  0.000E+00  7.660E-01
 15   0.424000  -1.0  0             0   +Y                       0
 16   0.458000  -1.0  0             0   +Y                       0
 17   0.483000  -1.0  0             0   +Y                       0
 18   0.529100  -1.0  0             1   +Y                       0
                                          3      0.529  0.000E+00  0.000E+00  0.000E+00
 19   0.590000   5.0 -1             3   +Y                 (5-)  0
                                         10      0.377  1.772E-01  3.360E-01  8.960E-01
                                          8      0.419  3.222E-01  5.401E-01  6.760E-01
                                          3      0.590  1.225E-01  1.239E-01  1.170E-02
 20   0.624000   7.0  1             0   +Y                 (7+)  0
 21   0.657000   6.0 -1             0   +Y                 (6-)  0
 22   0.700000   8.0  1             0   +Y                 (8+)  0
249Bk  249   97   68  181   47    2    6.301000    4.832000
  1   0.000000   3.5  1   2.85E+07  0 u                    7/2+  3 =      0.0014 %A      =    100.0000 %B-     =      0.0000 %SF    
  2   0.008777   1.5 -1   3.00E-04  1 u                    3/2-  0
                                          1      0.009  3.279E-07  1.000E+00  3.050E+06
  3   0.039622   2.5 -1             1 u                  (5/2-)  0
                                          2      0.031  3.115E-03  1.000E+00  3.200E+02
  4   0.041805   4.5  1   9.00E-12  1 u                    9/2+  0
                                          1      0.042  8.333E-03  1.000E+00  1.190E+02
  5   0.082599   3.5 -1             3 u                    7/2-  0
                                          3      0.043  8.910E-03  9.088E-01  1.010E+02
                                          2      0.074  1.060E-03  9.108E-02  8.490E+01
                                          1      0.083  5.792E-05  7.181E-05  2.398E-01
  6   0.093759   5.5  1   5.00E-12  2 u                   11/2+  0
                                          4      0.052  1.551E-02  9.615E-01  6.100E+01
                                          1      0.094  1.349E-03  3.845E-02  2.750E+01
  7   0.137712   4.5 -1             4 u                  (9/2-)  0
                                          5      0.055  1.754E-02  8.772E-01  4.900E+01
                                          4      0.096  8.597E-05  9.998E-05  1.630E-01
                                          3      0.098  5.263E-03  1.226E-01  2.230E+01
                                          1      0.138  3.158E-05  3.975E-05  2.588E-01
  8   0.155854   6.5  1             2 u                   13/2+  0
                                          6      0.062  2.689E-02  9.411E-01  3.400E+01
                                          4      0.114  4.867E-03  5.889E-02  1.110E+01
  9   0.204575   5.5 -1             3 u                 (11/2-)  0
                                          7      0.067  3.032E-02  8.468E-01  2.693E+01
                                          5      0.122  1.668E-02  1.529E-01  8.170E+00
                                          4      0.163  2.153E-04  2.532E-04  1.763E-01
 10   0.229242   7.5  1             2 u                 (15/2+)  0
                                          8      0.073  4.237E-02  9.112E-01  2.051E+01
                                          6      0.136  1.398E-02  8.881E-02  5.352E+00
 11   0.283133   6.5 -1             3 u                 (13/2-)  0
                                          9      0.079  4.590E-02  8.191E-01  1.685E+01
                                          7      0.145  3.718E-02  1.803E-01  3.850E+00
                                          6      0.189  5.599E-04  6.300E-04  1.251E-01
 12   0.311857   8.5  1             2 u                 (17/2+)  0
                                         10      0.083  6.444E-02  9.279E-01  1.340E+01
                                          8      0.156  1.869E-02  7.213E-02  2.860E+00
 13   0.373181   7.5 -1             2 u                 (15/2-)  0
                                         11      0.090  5.617E-02  6.910E-01  1.130E+01
                                          9      0.169  1.003E-01  3.090E-01  2.080E+00
 14   0.377562   0.5  1             1 u                  (1/2+)  0
                                          2      0.369  6.803E-01  1.000E+00  4.700E-01
 15   0.389171   2.5  1             4 u                    5/2+  0
                                          5      0.307  5.062E-04  5.280E-04  4.301E-02
                                          4      0.347  4.162E-03  4.862E-03  1.682E-01
                                          3      0.350  2.925E-03  3.020E-03  3.269E-02
                                          1      0.389  5.624E-01  9.916E-01  7.630E-01
 16   0.410690   1.5  1             1 u                  (3/2+)  0
                                          2      0.402  9.760E-01  1.000E+00  2.458E-02
 17   0.421366   2.5  1             2 u                  (5/2+)  0
                                         14      0.044  0.000E+00  0.000E+00  9.934E+02
                                          1      0.421  6.012E-01  1.000E+00  6.634E-01
 18   0.428958   3.5  1             5 u                    7/2+  0
                                          7      0.291  8.035E-04  8.421E-04  4.797E-02
                                          6      0.335  3.303E-03  3.921E-03  1.869E-01
                                          5      0.346  3.750E-03  3.875E-03  3.332E-02
                                          4      0.387  4.464E-01  7.919E-01  7.740E-01
                                          1      0.429  1.304E-01  1.994E-01  5.300E-01
 19   0.473660   8.5 -1             2 u                   17/2-  0
                                         13      0.101  8.264E-02  7.612E-01  8.212E+00
                                         11      0.191  1.033E-01  2.388E-01  1.312E+00
 20   0.475002   4.5  1             7 u                  (9/2+)  0
                                          9      0.270  1.227E-03  1.296E-03  5.628E-02
                                          8      0.319  2.491E-03  3.031E-03  2.167E-01
                                          7      0.337  3.533E-03  3.657E-03  3.521E-02
                                          6      0.381  3.719E-01  6.720E-01  8.070E-01
                                          5      0.392  2.975E-03  3.052E-03  2.581E-02
                                          4      0.433  1.822E-01  2.859E-01  5.690E-01
                                          1      0.475  2.157E-02  3.112E-02  4.430E-01
 21   0.498670   3.5  1             4 u                    7/2+  0
                                         18      0.070  0.000E+00  0.000E+00  2.356E+01
                                          5      0.416  4.124E-02  4.219E-02  2.291E-02
                                          4      0.457  4.687E-01  7.182E-01  5.325E-01
                                          1      0.499  1.687E-01  2.396E-01  4.201E-01
 22   0.519190   3.5  1             4 u                  (7/2+)  0
                                         18      0.090  0.000E+00  0.000E+00  1.136E+01
                                          6      0.425  5.444E-01  5.966E-01  9.588E-02
                                          5      0.437  2.450E-03  2.501E-03  2.081E-02
                                          4      0.477  2.722E-01  4.009E-01  4.726E-01
 23   0.542095   5.5  1             7 u                 (11/2+)  0
                                         11      0.259  8.727E-04  9.267E-04  6.190E-02
                                         10      0.313  1.971E-03  2.425E-03  2.308E-01
                                          8      0.386  2.815E-01  5.011E-01  7.800E-01
                                          7      0.404  3.519E-03  3.604E-03  2.428E-02
                                          6      0.448  2.815E-01  3.998E-01  4.200E-01
                                          4      0.500  6.278E-02  8.689E-02  3.840E-01
                                          1      0.542  5.067E-03  5.304E-03  4.680E-02
 24   0.553000   0.5 -1             0 u                   (1/2)  0
 25   0.558164   1.5 -1             6 u                  (3/2-)  0
                                         17      0.137  1.541E-01  1.937E-01  2.570E-01
                                         15      0.169  1.050E-02  1.219E-02  1.618E-01
                                         14      0.181  9.195E-02  1.045E-01  1.370E-01
                                          5      0.475  3.443E-02  3.692E-02  7.225E-02
                                          3      0.519  4.199E-01  5.038E-01  2.000E-01
                                          2      0.549  1.272E-01  1.488E-01  1.700E-01
 26   0.569210   0.5 -1             4 u                  (1/2-)  0
                                         16      0.159  1.676E-03  1.989E-03  1.871E-01
                                         14      0.192  5.698E-03  6.392E-03  1.218E-01
                                          3      0.530  3.974E-01  4.170E-01  4.922E-02
                                          2      0.560  4.788E-01  5.746E-01  2.000E-01
 27   0.570000   2.5  1             0 n                          0
 28   0.597836   6.5  1             8 u                 (13/2+)  0
                                         23      0.056  0.000E+00  0.000E+00  4.622E+01
                                         22      0.079  0.000E+00  0.000E+00  8.777E+03
                                         20      0.122  0.000E+00  0.000E+00  8.358E+00
                                         18      0.169  3.039E-03  4.813E-01  1.574E+02
                                         10      0.369  2.186E-01  4.274E-01  9.549E-01
                                          8      0.442  4.788E-02  7.368E-02  5.390E-01
                                          6      0.504  1.268E-02  1.757E-02  3.859E-01
                                          4      0.556  6.558E-05  6.849E-05  4.428E-02
 29   0.606690   3.5 -1             7 u                  (7/2-)  0
                                         22      0.088  3.803E-03  4.588E-03  2.065E-01
                                         18      0.178  0.000E+00  0.000E+00  1.444E-01
                                         17      0.185  3.042E-02  3.442E-02  1.314E-01
                                          9      0.402  1.917E-02  2.130E-02  1.115E-01
                                          7      0.469  3.042E-01  4.551E-01  4.959E-01
                                          5      0.524  1.977E-01  2.664E-01  3.472E-01
                                          3      0.567  1.704E-01  2.182E-01  2.810E-01
 30   0.624300   2.5  1             3 u                   (5/2)  0
                                         17      0.203  1.920E-02  1.155E-01  5.017E+00
                                         15      0.235  1.920E-01  8.307E-01  3.327E+00
                                          1      0.624  4.415E-02  5.375E-02  2.173E-01
 31   0.624930   2.5 -1             4 u                  (5/2-)  0
                                         17      0.203  3.011E-02  3.331E-02  1.064E-01
                                          5      0.542  1.836E-01  2.418E-01  3.167E-01
                                          3      0.585  2.830E-01  3.560E-01  2.581E-01
                                          2      0.616  3.011E-01  3.688E-01  2.251E-01
 32   0.625000   4.5 -1             0 u                  (9/2-)  0
 33   0.643058   0.5 -1             5 u                  (1/2-)  0
                                         25      0.085  2.978E-03  4.255E-02  1.329E+01
                                         16      0.232  0.000E+00  0.000E+00  7.910E-02
                                         14      0.264  0.000E+00  0.000E+00  5.927E-02
                                          3      0.603  3.557E-03  3.689E-03  3.716E-02
                                          2      0.634  8.272E-01  9.538E-01  1.530E-01
 34   0.654100   1.5 -1             1 g                          0
                                         22      0.135  1.206E-02  1.000E+00  8.193E+01
 35   0.661520   1.5 -1             3 u                  (3/2-)  0
                                         14      0.284  0.000E+00  0.000E+00  5.075E-02
                                          3      0.622  4.983E-01  5.631E-01  1.300E-01
                                          2      0.653  3.936E-01  4.369E-01  1.100E-01
 36   0.671089   6.5  1             4 u                   13/2+  0
                                         22      0.152  1.086E-03  2.756E-01  2.527E+02
                                         10      0.442  4.345E-01  6.879E-01  5.832E-01
                                          8      0.516  1.912E-02  2.606E-02  3.630E-01
                                          6      0.578  8.256E-03  1.046E-02  2.675E-01
 37   0.672810   2.5  1             6 u                    5/2+  0
                                         18      0.244  3.499E-02  1.398E-01  2.997E+00
                                         15      0.284  1.749E-01  5.199E-01  1.972E+00
                                          5      0.590  3.499E-02  3.537E-02  1.109E-02
                                          3      0.633  6.997E-02  7.066E-02  9.744E-03
                                          2      0.664  1.749E-01  1.765E-01  8.932E-03
                                          1      0.673  4.898E-02  5.769E-02  1.778E-01
 38   0.682000   5.5 -1             0 u                 (11/2-)  0
 39   0.701850   7.5  1             3 u                 (15/2+)  0
                                         10      0.473  4.746E-01  7.051E-01  4.857E-01
                                          8      0.546  1.780E-01  2.334E-01  3.112E-01
                                          6      0.608  5.933E-02  6.150E-02  3.654E-02
 40   0.703420   3.5 -1             5 u                  (7/2-)  0
                                         20      0.228  1.472E-01  1.592E-01  8.167E-02
                                         18      0.275  1.472E-01  1.552E-01  5.450E-02
                                         15      0.314  2.908E-01  3.027E-01  4.084E-02
                                          4      0.662  3.504E-01  3.536E-01  8.991E-03
                                          1      0.704  2.908E-02  2.932E-02  8.047E-03
 41   0.704840   5.5 -1             5 u                   11/2-  0
                                         29      0.098  9.826E-04  2.340E-02  2.282E+01
                                         22      0.186  3.275E-03  8.917E-02  2.622E+01
                                         11      0.422  2.620E-02  4.355E-02  6.620E-01
                                          9      0.500  4.679E-01  6.521E-01  3.935E-01
                                          7      0.567  1.497E-01  1.918E-01  2.810E-01
 42   0.709120   2.5 -1             7 u                    5/2-  0
                                         29      0.103  7.568E-03  6.577E-02  7.691E+00
                                         16      0.299  0.000E+00  0.000E+00  4.552E-02
                                         14      0.331  0.000E+00  0.000E+00  3.741E+00
                                          7      0.571  0.000E+00  0.000E+00  4.178E-02
                                          5      0.627  3.072E-01  3.733E-01  2.152E-01
                                          3      0.670  4.451E-01  5.253E-01  1.802E-01
                                          2      0.700  3.072E-02  3.562E-02  1.597E-01
 43   0.711150   3.5  1             3 u                     7/2  0
                                         22      0.192  3.821E-02  2.627E-01  5.873E+00
                                         20      0.236  1.274E-01  5.462E-01  3.288E+00
                                         18      0.282  6.369E-02  1.912E-01  2.001E+00
 44   0.723170   4.5 -1             4 u                    9/2-  0
                                         22      0.204  0.000E+00  0.000E+00  1.053E-01
                                         20      0.248  0.000E+00  0.000E+00  6.822E-02
                                          9      0.519  7.159E-01  9.716E-01  3.572E-01
                                          5      0.641  2.362E-02  2.841E-02  2.028E-01
 45   0.750000   4.5 -1             0 u                  (9/2-)  0
 46   0.767890   4.5 -1             2 u                  (9/2-)  0
                                          4      0.726  1.472E-01  1.483E-01  7.607E-03
                                          1      0.768  8.459E-01  8.517E-01  6.888E-03
 47   0.769150   4.5 -1             3 u                   (9/2)  0
                                         23      0.227  5.362E-01  5.806E-01  8.272E-02
                                         20      0.294  2.681E-01  2.807E-01  4.698E-02
                                         18      0.340  1.341E-01  1.387E-01  3.458E-02
 48   0.794000  -1.0  0             0                            0
 49   0.836070   5.5 -1             3 u                 (11/2-)  0
                                          6      0.742  2.024E-01  2.039E-01  7.312E-03
                                          4      0.794  6.133E-01  6.172E-01  6.491E-03
                                          1      0.836  1.472E-01  1.789E-01  2.156E-01
 50   0.840000  -1.0  0             0                            0
 51   0.899640  -1.0  0             3                 (3/2,5/2)  0
                                         37      0.227  1.516E-01  1.516E-01  0.000E+00
                                          3      0.860  1.804E-01  1.804E-01  0.000E+00
                                          2      0.891  6.680E-01  6.680E-01  0.000E+00
 52   0.909000  -1.0  0             0                            0
 53   0.911160   6.5 -1             2 u                 (13/2-)  0
                                          8      0.755  1.923E-01  1.937E-01  7.092E-03
                                          6      0.817  8.014E-01  8.063E-01  6.171E-03
 54   0.932180   3.5 -1             4 u                  (7/2-)  0
                                         46      0.164  4.406E-03  4.456E-02  9.113E+00
                                          6      0.839  1.750E-02  2.125E-02  2.139E-01
                                          4      0.891  3.259E-01  3.277E-01  5.316E-03
                                          1      0.932  6.036E-01  6.065E-01  4.913E-03
 55   0.934640  -1.0  0             2            (3/2-,5/2,7/2)  0
                                         37      0.262  2.051E-01  2.051E-01  0.000E+00
                                          5      0.852  7.949E-01  7.949E-01  0.000E+00
 56   0.947000  -1.0  0             0                            0
 57   0.988140   4.5 -1             2 u                  (9/2-)  0
                                          6      0.895  3.992E-01  4.013E-01  5.275E-03
                                          4      0.946  5.958E-01  5.987E-01  4.788E-03
 58   1.055770   5.5 -1             3 u                 (11/2-)  0
                                          8      0.900  9.325E-01  9.374E-01  5.221E-03
                                          6      0.962  3.077E-02  3.092E-02  4.653E-03
                                          3      1.014  2.611E-02  3.168E-02  2.133E-01
 59   1.075050   4.5  1             3 u                  (9/2+)  0
                                          6      0.981  1.361E-02  1.450E-02  6.492E-02
                                          4      1.033  1.361E-01  1.439E-01  5.660E-02
                                          1      1.075  8.009E-01  8.417E-01  5.094E-02
 60   1.133910   6.5 -1             1 u                 (13/2-)  0
                                          6      1.040  9.959E-01  1.000E+00  4.074E-03
 61   1.143780   5.5  1             2 u                 (11/2+)  0
                                          6      1.050  2.199E-01  2.319E-01  5.424E-02
                                          4      1.102  7.332E-01  7.681E-01  4.769E-02
 62   1.150640   2.5 -1             3 u                  (5/2-)  0
                                         18      0.722  2.740E-01  2.761E-01  7.692E-03
                                         15      0.762  5.709E-01  5.749E-01  6.990E-03
                                          1      1.151  1.484E-01  1.489E-01  3.436E-03
 63   1.186000  -1.0  0             0                            0
 64   1.223010   3.5  1             6 u                  (7/2+)  0
                                         46      0.455  0.000E+00  0.000E+00  1.919E-02
                                         20      0.748  0.000E+00  0.000E+00  1.338E-01
                                         18      0.794  1.770E-01  1.972E-01  1.141E-01
                                         15      0.834  5.532E-01  6.086E-01  1.001E-01
                                          4      1.181  1.162E-01  1.208E-01  3.961E-02
                                          1      1.223  7.081E-02  7.337E-02  3.609E-02
 65   1.227540   6.5  1             1 u                 (13/2+)  0
                                         10      0.998  9.416E-01  1.000E+00  6.202E-02
 66   1.311000  -1.0  0             0                            0
 67   1.347000  -1.0  0             0                            0
 68   1.390000  -1.0  0             0                            0
250Bk  250   97   41   53   26    1    4.969000    5.087000
  1   0.000000   2.0 -1   1.16E+04  0 u                      2-  1 =    100.0000 %B-    
  2   0.034470   3.0 -1             1 u                    (3-)  0
                                          1      0.034  0.000E+00  0.000E+00  1.800E+03
  3   0.035590   4.0  1   2.90E-05  2 u                    (4+)  0
                                          2      0.001  0.000E+00  0.000E+00  0.000E+00
                                          1      0.036  7.751E-05  1.000E+00  1.290E+04
  4   0.078330   5.0  1             1 u                    (5+)  0
                                          3      0.043  0.000E+00  0.000E+00  9.321E+01
  5   0.080260   4.0 -1             2 u                    (4-)  0
                                          2      0.046  0.000E+00  0.000E+00  7.605E+01
                                          1      0.080  0.000E+00  0.000E+00  5.864E+01
  6   0.086000   7.0  1   2.13E-04  1 u                    (7+)  0
                                          4      0.008  0.000E+00  0.000E+00  1.300E+06
  7   0.097490   5.0 -1   3.80E-08  1 u                    (5-)  0
                                          3      0.062  0.000E+00  0.000E+00  5.080E-01
  8   0.103830   1.0 -1             1 u                    (1-)  0
                                          1      0.104  0.000E+00  0.000E+00  7.470E+00
  9   0.115450   3.0  1             1 u                    (3+)  0
                                          3      0.080  0.000E+00  0.000E+00  1.600E+01
 10   0.125010   2.0 -1             2 u                    (2-)  0
                                          2      0.091  6.198E-02  7.499E-01  1.110E+01
                                          1      0.125  4.648E-02  2.501E-01  4.380E+00
 11   0.130490   6.0  1             2 u                    (6+)  0
                                          4      0.052  0.000E+00  0.000E+00  2.600E+02
                                          3      0.095  0.000E+00  0.000E+00  2.670E+01
 12   0.137320   5.0 -1             2 u                    (5-)  0
                                          5      0.057  0.000E+00  0.000E+00  4.280E+01
                                          2      0.103  0.000E+00  0.000E+00  1.840E+01
 13   0.146430   2.0 -1             2 u                    (2-)  0
                                          2      0.112  0.000E+00  0.000E+00  6.010E+00
                                          1      0.146  0.000E+00  0.000E+00  8.300E+00
 14   0.148600   4.0  1             2 u                    (4+)  0
                                          4      0.070  0.000E+00  0.000E+00  2.330E+01
                                          3      0.113  0.000E+00  0.000E+00  5.850E+00
 15   0.156000   8.0  1             1 u                    (8+)  0
                                          6      0.070  0.000E+00  0.000E+00  6.600E+01
 16   0.157390   3.0 -1             3 u                    (3-)  0
                                          8      0.054  0.000E+00  0.000E+00  4.030E+02
                                          5      0.077  0.000E+00  0.000E+00  1.780E+01
                                          2      0.123  0.000E+00  0.000E+00  4.590E+00
 17   0.167090   6.0 -1             1 u                    (6-)  0
                                          7      0.070  0.000E+00  0.000E+00  6.900E+01
 18   0.175130   1.0  1   4.20E-08  3 u                    (1+)  0
                                         10      0.050  1.094E-01  2.059E-01  8.820E-01
                                          8      0.071  4.974E-01  6.725E-01  3.520E-01
                                          1      0.175  3.233E-02  1.216E-01  2.760E+00
 19   0.179990   3.0 -1             2 u                    (3-)  0
                                          2      0.146  0.000E+00  0.000E+00  1.290E+01
                                          1      0.180  0.000E+00  0.000E+00  4.300E+00
 20   0.190000   7.0  1             0 u                    (7+)  0
 21   0.203640   4.0 -1             2 u                    (4-)  0
                                          5      0.123  0.000E+00  0.000E+00  4.550E+00
                                          2      0.169  0.000E+00  0.000E+00  8.400E+00
 22   0.211820   2.0  1             4 u                      2+  0
                                         18      0.037  0.000E+00  0.000E+00  1.461E+02
                                          9      0.096  2.480E-02  2.550E-01  9.280E+00
                                          2      0.177  2.480E-01  2.840E-01  1.450E-01
                                          1      0.212  4.204E-01  4.610E-01  9.670E-02
 23   0.215940   0.0  1             2 u                    (0+)  0
                                         18      0.041  0.000E+00  0.000E+00  1.140E+02
                                          8      0.112  0.000E+00  0.000E+00  1.090E-01
 24   0.236740   3.0  1             2 u                    (3+)  0
                                          9      0.121  0.000E+00  0.000E+00  4.780E+00
                                          2      0.202  0.000E+00  0.000E+00  1.074E-01
 25   0.241000   9.0  1             1 u                    (9+)  0
                                         15      0.085  0.000E+00  0.000E+00  1.333E+01
 26   0.247900   7.0 -1             2 u                    (7-)  0
                                         17      0.081  0.000E+00  0.000E+00  1.552E+01
                                          7      0.150  0.000E+00  0.000E+00  3.470E+00
 27   0.270460   4.0  1             2 u                    (4+)  0
                                         22      0.059  0.000E+00  0.000E+00  2.610E+02
                                          2      0.236  0.000E+00  0.000E+00  7.594E-02
 28   0.298000  -1.0  0             0                            0
 29   0.316000   5.0  1             0 u                    (5+)  0
 30   0.316460   5.0  1             2 u                    (5+)  0
                                          4      0.238  0.000E+00  0.000E+00  3.210E+00
                                          3      0.281  0.000E+00  0.000E+00  2.030E+00
 31   0.325000  -1.0  0             2                            0
                                          7      0.233  2.424E-01  2.424E-01  0.000E+00
                                          4      0.249  7.576E-01  7.576E-01  0.000E+00
 32   0.333000  -1.0  0             0                            0
 33   0.341000  -1.0  0             0                            0
 34   0.369610   6.0  1             2 u                    (6+)  0
                                         11      0.239  0.000E+00  0.000E+00  3.170E+00
                                          4      0.291  0.000E+00  0.000E+00  1.810E+00
 35   0.406000   6.0  1             0 u                    (6+)  0
 36   0.413000  -1.0  0             1                            0
                                          7      0.316  0.000E+00  0.000E+00  0.000E+00
 37   0.471000  -1.0  0             1                            0
                                         17      0.304  0.000E+00  0.000E+00  0.000E+00
 38   0.526000  -1.0  0             0                            0
 39   0.527000  -1.0  0             0                            0
 40   0.552000  -1.0  0             0                            0
 41   0.566000  -1.0  0             0                            0
251Bk  251   97   12   15    1    1    5.795000    5.050000
  1   0.000000   1.5 -1   3.34E+03  0                    (3/2-)  1 =    100.0000 %B-    
  2   0.032500   2.5 -1             1                    (5/2-)  0
                                          1      0.033  0.000E+00  0.000E+00  2.091E+02
  3   0.035500   3.5  1   5.80E-05  1                    (7/2+)  0
                                          1      0.036  7.692E-05  1.000E+00  1.300E+04
  4   0.070000   4.5  1             0                    (9/2+)  0
  5   0.124000   5.5  1             0                   (11/2+)  0
  6   0.269100  -1.0  0             2                            0
                                          3      0.234  1.000E+00  1.000E+00  0.000E+00
                                          1      0.269  0.000E+00  0.000E+00  0.000E+00
  7   0.311700  -1.0  0             1            (1/2,3/2,5/2-)  0
                                          1      0.312  0.000E+00  0.000E+00  0.000E+00
  8   0.422200  -1.0  0             2                (1/2-,3/2)  0
                                          2      0.390  6.410E-01  6.410E-01  0.000E+00
                                          1      0.422  3.590E-01  3.590E-01  0.000E+00
  9   0.438200  -1.0  0             1                 (1/2,3/2)  0
                                          1      0.438  0.000E+00  0.000E+00  0.000E+00
 10   0.542600  -1.0  0             1                 (1/2,3/2)  0
                                          1      0.543  0.000E+00  0.000E+00  0.000E+00
 11   0.562500  -1.0  0             2                (1/2-,3/2)  0
                                          2      0.530  6.135E-01  6.135E-01  0.000E+00
                                          1      0.563  3.865E-01  3.865E-01  0.000E+00
 12   0.978400  -1.0  0             4                (1/2-,3/2)  0
                                         11      0.416  1.096E-01  1.096E-01  0.000E+00
                                         10      0.436  1.027E-01  1.027E-01  0.000E+00
                                          2      0.946  1.027E-01  1.027E-01  0.000E+00
                                          1      0.978  6.849E-01  6.849E-01  0.000E+00
252Bk  252   97    1    0    1    1    4.765000    5.403000
  1   0.000000  -1.0  0             0                            0
