245Md  245  101    2    0    1    1    0.000000    1.006000
  1   0.000000   0.5 -1   9.00E-04  0                    (1/2-)  2 ?      0.0000 %A      ?      0.0000 %SF    
  2   0.300000   3.5  0   3.50E-01  0                     (7/2)  2 ?      0.0000 %EC+%B+ ?      0.0000 %A     
246Md  246  101    2    0    1    1    7.136000    1.293000
  1   0.000000  -1.0  0   9.00E-01  0   +X                       3 ?      0.0000 %EC     =    100.0000 %A      ?      0.0000 %SF    
  2   0.000000  -1.0  0   4.40E+00  0   +Y                       2 LT    77.0000 %EC     LT    23.0000 %A     
247Md  247  101    1    0    1    1    8.310000    1.390000
  1   0.000000  -1.0  0   1.12E+00  0                            1 LE   100.0000 %A     
248Md  248  101    1    0    1    1    7.042000    1.616000
  1   0.000000  -1.0  0   7.00E+00  0                            2 =     80.0000 %EC     =     20.0000 %A     
249Md  249  101    3    0    1    1    7.892000    1.861000
  1   0.000000   3.5 -1   2.17E+01  0                    (7/2-)  2 LE    40.0000 %EC+%B+ LT    60.0000 %A     
  2   0.000000   0.5 -1   1.90E+00  0   +X               (1/2-)  0
  3   0.000000  -1.0  0             0   +Y                       0
250Md  250  101    3    0    1    1    6.690001    2.200000
  1   0.000000  -1.0  0   5.20E+01  0                            2 =     93.0000 %EC     =      7.0000 %A     
  2   0.250000  -1.0  0             0                            0
  3   0.310000  -1.0  0             0                            0
251Md  251  101   14   11    1    1    7.707000    2.362000
  1   0.000000   3.5 -1   2.40E+02  0                    (7/2-)  2 GE    90.0000 %EC+%B+ LE    10.0000 %A     
  2   0.056000   0.5 -1             0                    (1/2-)  0
  3   0.095000   2.5 -1             1                    (5/2-)  0
                                          2      0.040  4.691E-04  1.000E+00  2.131E+03
  4   0.137000   5.5 -1             0                   (11/2-)  0
  5   0.188000   4.5 -1             1                    (9/2-)  0
                                          3      0.093  2.554E-02  1.000E+00  3.815E+01
  6   0.335000   6.5 -1             1                   (13/2-)  0
                                          5      0.147  1.712E-01  1.000E+00  4.842E+00
  7   0.530400   8.5 -1             1                   (17/2-)  0
                                          6      0.195  3.985E-01  1.000E+00  1.509E+00
  8   0.775300  10.5 -1             1                   (21/2-)  0
                                          7      0.245  6.065E-01  1.000E+00  6.487E-01
  9   1.067000  12.5 -1             1                   (25/2-)  0
                                          8      0.292  7.367E-01  1.000E+00  3.575E-01
 10   1.403100  14.5 -1             1                   (29/2-)  0
                                          9      0.336  8.132E-01  1.000E+00  2.297E-01
 11   1.779900  16.5 -1             1                   (33/2-)  0
                                         10      0.377  8.586E-01  1.000E+00  1.647E-01
 12   2.195000  18.5 -1             1                   (37/2-)  0
                                         11      0.415  8.878E-01  1.000E+00  1.263E-01
 13   2.644800  20.5 -1             1                   (41/2-)  0
                                         12      0.450  9.070E-01  1.000E+00  1.025E-01
 14   3.127800  22.5 -1             1                   (45/2-)  0
                                         13      0.483  9.210E-01  1.000E+00  8.576E-02
252Md  252  101    7    0    1    1    6.468000    2.645000
  1   0.000000  -1.0  0   1.38E+02  0                            1 LE   100.0000 %EC    
  2   0.056000  -1.0  0             0                            0
  3   0.165000  -1.0  0             0                            0
  4   0.211000  -1.0  0             0                            0
  5   0.253000  -1.0  0             0                            0
  6   0.294000  -1.0  0             0                            0
  7   0.366000  -1.0  0             0                            0
253Md  253  101    3    0    1    1    7.400001    2.810000
  1   0.000000   3.5 -1   3.60E+02  0                    (7/2-)  2 LE   100.0000 %EC+%B+ GE     0.0000 %A     
  2   0.060000  -1.0  0             0                            0
  3   0.125000  -1.0  0             0                            0
254Md  254  101    6    0    1    1    5.860000    3.120000
  1   0.000000  -1.0  0   6.00E+02  0   +X                       1 LE   100.0000 %EC    
  2   0.000000  -1.0  0   1.68E+03  0   +Y                       1 LE   100.0000 %EC    
  3   0.083000  -1.0  0             0                            0
  4   0.114000  -1.0  0             0                            0
  5   0.144000  -1.0  0             0                            0
  6   0.175000  -1.0  0             0                            0
255Md  255  101    2    0    1    1    6.810000    3.351000
  1   0.000000   3.5 -1   1.62E+03  0                    (7/2-)  2 =     92.0000 %EC     =      8.0000 %A     
  2   0.100000  -1.0  0             0                            0
256Md  256  101    2    0    1    1    5.298000    3.472000
  1   0.000000   1.0 -1   4.62E+03  0                      (1-)  3 =     90.8000 %EC     =      9.2000 %A      LT     3.0000 %SF    
  2   0.145000  -1.0  0             0                            0
257Md  257  101    1    0    1    1    6.690001    3.779000
  1   0.000000   3.5 -1   1.99E+04  0                    (7/2-)  3 =     85.0000 %EC     =     15.0000 %A      <      4.0000 %SF    
258Md  258  101    2    0    1    1    5.379000    4.190000
  1   0.000000  -1.0  0   4.45E+06  0                            2 =    100.0000 %A      LE     0.0030 %B-    
  2   0.000000  -1.0  0   3.42E+03  0   +X                       2 GE    70.0000 %EC     LE    30.0000 %B-    
259Md  259  101    2    0    1    1    6.140000    4.100000
  1   0.000000  -1.0  0   5.76E+03  0                            2 <      1.3000 %A      AP   100.0000 %SF    
  2   0.000000  -1.0  0             0   +X                       0
260Md  260  101    1    0    1    1    5.144000    4.442000
  1   0.000000  -1.0  0   2.75E+06  0                            4 LE    23.0000 %EC     LE    25.0000 %A      LE    10.0000 %B-     GE    42.0000 %SF    
