250No  250  102    2    0    1    1    8.370001    3.100000
  1   0.000000   0.0  1   4.20E-06  0                        0+  2 <      2.0000 %A      AP   100.0000 %SF    
  2   1.050000   6.0  1   4.60E-05  0                      (6+)  1 AP   100.0000 %SF    
251No  251  102    7    6    1    1    6.670001    3.010000
  1   0.000000   3.5  1   8.00E-01  0                    (7/2+)  3 ?      0.0000 %EC+%B+ =     84.0000 %A      <      0.3000 %SF    
  2   0.060700   4.5  1             1                    (9/2+)  0
                                          1      0.061  0.000E+00  0.000E+00  5.707E+01
  3   0.106000   0.5  1   1.02E+00  0                    (1/2+)  1 AP   100.0000 %A     
  4   0.203600   4.5 -1             2                    (9/2-)  0
                                          2      0.143  4.689E-01  4.986E-01  6.330E-02
                                          1      0.204  4.501E-01  5.014E-01  1.139E-01
  5   0.917200   3.5  1             1                    (7/2+)  0
                                          4      0.714  0.000E+00  0.000E+00  9.376E-03
  6   1.699700  -1.0  0             1                            0
                                          5      0.783  0.000E+00  0.000E+00  0.000E+00
  7   1.699700  -1.0  0   2.00E-06  1   +X                       0
                                          6      0.000  0.000E+00  0.000E+00  0.000E+00
252No  252  102   11   10    1    1    8.104000    3.435000
  1   0.000000   0.0  1   2.44E+00  0                        0+  0
  2   0.046400   2.0  1             1                      (2+)  0
                                          1      0.046  0.000E+00  0.000E+00  1.132E+03
  3   0.153800   4.0  1             1                      (4+)  0
                                          2      0.107  0.000E+00  0.000E+00  2.145E+01
  4   0.320700   6.0  1             1                      (6+)  0
                                          3      0.167  2.445E-01  1.000E+00  3.090E+00
  5   0.544500   8.0  1             1                      (8+)  0
                                          4      0.224  5.076E-01  1.000E+00  9.700E-01
  6   0.821700  10.0  1             1                     (10+)  0
                                          5      0.277  6.868E-01  1.000E+00  4.560E-01
  7   1.150100  12.0  1             1                     (12+)  0
                                          6      0.328  7.911E-01  1.000E+00  2.640E-01
  8   1.525600  14.0  1             1                     (14+)  0
                                          7      0.376  8.489E-01  1.000E+00  1.780E-01
  9   1.942300  16.0  1             1                     (16+)  0
                                          8      0.417  8.818E-01  1.000E+00  1.340E-01
 10   2.395500  18.0  1             1                     (18+)  0
                                          9      0.453  9.033E-01  1.000E+00  1.070E-01
 11   2.879200  20.0  1             1                     (20+)  0
                                         10      0.484  9.166E-01  1.000E+00  9.100E-02
253No  253  102   24   13    1    1    6.490000    3.450000
  1   0.000000   4.5 -1   9.72E+01  0                    (9/2-)  2 GE     0.0000 %EC+%B+ LE   100.0000 %A     
  2   0.054000   5.5 -1             0                   (11/2-)  0
  3   0.167000   2.5  1   3.11E-05  1                      5/2+  0
                                          1      0.167  1.901E-02  1.000E+00  5.160E+01
  4   0.000000  -1.0  0             0   +X                       0
  5   0.039000  -1.0  0             0   +X                       0
  6   0.125000   2.5  1             0   +X               (5/2+)  0
  7   0.168000   3.5  1             0   +X               (7/2+)  0
  8   0.209000   4.5  1             0   +X               (9/2+)  0
  9   0.319000  -1.0  0             0   +X                       0
 10   0.630000   0.5  1             0   +X               (1/2+)  0
 11   0.000000   6.5  1             0   +Y              (13/2+)  0
 12   0.000000   7.5  1             0   +Z              (15/2+)  0
 13   0.207000   8.5  1             1   +Y              (17/2+)  0
                                         12      0.207  0.000E+00  0.000E+00  7.544E+00
 14   0.234000   9.5  1             1   +Z              (19/2+)  0
                                         12      0.234  0.000E+00  0.000E+00  8.261E-01
 15   0.466000  10.5  1             1   +Y              (21/2+)  0
                                         13      0.259  0.000E+00  0.000E+00  5.752E-01
 16   0.518000  11.5  1             1   +Z              (23/2+)  0
                                         14      0.284  0.000E+00  0.000E+00  4.204E-01
 17   0.775000  12.5  1             1   +Y              (25/2+)  0
                                         15      0.309  0.000E+00  0.000E+00  3.198E-01
 18   0.852000  13.5  1             1   +Z              (27/2+)  0
                                         16      0.334  0.000E+00  0.000E+00  2.514E-01
 19   1.130000  14.5  1             1   +Y              (29/2+)  0
                                         17      0.355  0.000E+00  0.000E+00  2.097E-01
 20   1.229000  15.5  1             1   +Z              (31/2+)  0
                                         18      0.377  0.000E+00  0.000E+00  1.764E-01
 21   1.528000  16.5  1             1   +Y              (33/2+)  0
                                         19      0.398  0.000E+00  0.000E+00  1.517E-01
 22   1.646000  17.5  1             1   +Z              (35/2+)  0
                                         20      0.417  0.000E+00  0.000E+00  1.337E-01
 23   1.964000  18.5  1             1   +Y              (37/2+)  0
                                         21      0.436  0.000E+00  0.000E+00  1.189E-01
 24   2.101000  19.5  1             1   +Z              (39/2+)  0
                                         22      0.455  0.000E+00  0.000E+00  1.065E-01
254No  254  102   12   10    1    6    7.810000    3.870000
  1   0.000000   0.0  1   5.10E+01  0                        0+  3 =     10.0000 %EC     =     90.0000 %A      =      0.1700 %SF    
  2   0.044200   2.0  1             1                        2+  0
                                          1      0.044  0.000E+00  0.000E+00  1.431E+03
  3   0.145300   4.0  1             1                        4+  0
                                          2      0.101  0.000E+00  0.000E+00  2.831E+01
  4   0.304200   6.0  1             1                        6+  0
                                          3      0.159  0.000E+00  0.000E+00  3.793E+00
  5   0.518300   8.0  1             1                        8+  0
                                          4      0.214  0.000E+00  0.000E+00  1.149E+00
  6   0.785500  10.0  1             1                       10+  0
                                          5      0.267  0.000E+00  0.000E+00  5.164E-01
  7   1.103700  12.0  1             1                     (12+)  0
                                          6      0.318  0.000E+00  0.000E+00  2.917E-01
  8   1.470200  14.0  1             1                     (14+)  0
                                          7      0.367  0.000E+00  0.000E+00  1.912E-01
  9   1.884200  16.0  1             1                     (16+)  0
                                          8      0.414  0.000E+00  0.000E+00  1.363E-01
 10   2.340200  18.0  1             1                     (18+)  0
                                          9      0.456  0.000E+00  0.000E+00  1.059E-01
 11   2.839000  20.0  1             1                     (20+)  0
                                         10      0.498  0.000E+00  0.000E+00  8.509E-02
 12   0.000000  -1.0  0   2.80E-01  0   +X                       1 >     80.0000 %IT    
255No  255  102    3    0    1    1    5.944000    4.020000
  1   0.000000   0.5  1   1.86E+02  0                    (1/2+)  2 =     39.0000 %EC+%B+ =     61.0000 %A     
  2   0.000000  -1.0  0             0   +X                       0
  3   0.100000  -1.0  0             0   +X                       0
256No  256  102    1    0    1    1    7.099000    4.308000
  1   0.000000   0.0  1   2.91E+00  0                        0+  2 =     99.5000 %A      =      0.5300 %SF    
257No  257  102    2    0    1    1    5.670000    4.680000
  1   0.000000   3.5  1   2.50E+01  0                    (7/2+)  1 LE   100.0000 %A     
  2   0.000000  -1.0  0             0   +X                       0
258No  258  102    1    0    1    1    6.820000    4.810000
  1   0.000000   0.0  1   1.20E-03  0                        0+  1 LE   100.0000 %SF    
259No  259  102    1    0    1    1    5.440000    4.870000
  1   0.000000  -1.0  0   3.48E+03  0                            3 =     25.0000 %EC+%B+ =     75.0000 %A      <     10.0000 %SF    
260No  260  102    1    0    1    1    6.570000    5.302000
  1   0.000000   0.0  1   1.06E-01  0                        0+  1 =    100.0000 %SF    
262No  262  102    1    0    1    1    6.420000    0.000000
  1   0.000000   0.0  1   5.00E-03  0                        0+  1 =    100.0000 %SF    
