27813  278  113    1    0    1    1    0.000000    0.000000
  1   0.000000  -1.0  0             0   +X                       1 AP   100.0000 %A     
28213  282  113    1    0    1    1    0.000000    0.000000
  1   0.000000  -1.0  0             0   +X                       2 AP   100.0000 %A      ?      0.0000 %SF    
28313  283  113    1    0    1    1    0.000000    1.060000
  1   0.000000  -1.0  0             0   +X                       0
28413  284  113    1    0    1    1    6.550000    1.430000
  1   0.000000  -1.0  0   4.80E-01  0   +X                       1 AP   100.0000 %A     
28513  285  113    2    0    1    1    7.254000    1.375000
  1   0.000000  -1.0  0   5.50E+00  0   +X                       2 AP   100.0000 %A      ?      0.0000 %SF    
  2   0.264000  -1.0  0             0   +X                       0
28613  286  113    1    0    1    1    6.443000    1.350000
  1   0.000000  -1.0  0   2.00E+01  0   +X                       2 AP   100.0000 %A      ?      0.0000 %SF    
